code	comp_ratio	elevation	has_compressor	highest_temp	idx	A00001517	A00001516	lowest_temp	name	pressure_lower	pressure_upper	sub_division	valve
3779318277906366464	1.4	59.0		20.0	169	A00001968	A00001967	0.0	A00000698	4.0	9.85	0.0
3779318277914755072	1.4	59.0		20.0	170	A00001970	A00003239	0.0	A00000763	2.5	6.0	0.0
3779318277918949376	1.4	38.0		20.0	171	A00001972	A00003240	0.0	A00000033	4.0	9.85	0.0
3779318277927337984	1.4	7.0		20.0	172	A00001974	A00003241	0.0	A00000704	4.0	9.85	0.0
3779318277935726592	1.4	15.0		20.0	173	A00001977	A00001976	0.0	A00001975	4.0	9.85	0.0
3779318277939920896	1.4	7.0		20.0	174	A00001979	A00003242	0.0	A00000710	2.5	6.0	0.0
3779318277948309504	1.4	50.0		20.0	175	A00003243	A00003244	0.0	A00000765	1.0	6.0	0.0
3779318277973475328	1.4	50.0		20.0	179	A00001991	A00001990	0.0	A00000701	4.0	9.85	0.0
3779318277977669632	1.4	7.0	A00001992	20.0	180	A00003251	A00001993	0.0	A00000767	4.0	9.85	0.0
3779318277986058240	1.4	35.3		20.0	181	A00003252	A00001995	0.0	A00000752	4.0	9.85	0.0
3779318277994446848	1.4	30.0		20.0	182	A00001998	A00001997	0.0	A00000712	4.0	9.85	0.0
3779318278002835456	1.4	30.0		20.0	183	A00002000	A00001999	0.0	A00000773	2.5	6.0	0.0
3779318278007029760	1.4	8.0		20.0	184	A00002002	A00002001	0.0	A00000706	4.0	9.85	0.0
3779318278011224064	1.4	12.0		20.0	185	A00002004	A00003253	0.0	A00000035	4.0	9.85	0.0
3779318278019612672	1.4	26.0		20.0	186	A00003254	A00002005	0.0	A00000708	4.0	9.85	0.0
3779318278028001280	1.4	54.0		20.0	187	A00002008	A00002007	0.0	A00000754	4.0	9.85	0.0
3779318278032195584	1.4	113.0		20.0	188	A00002010	A00003255	0.0	A00000756	4.0	9.85	0.0
3779318278040584192	1.4	124.0		20.0	189	A00003256	A00003257	0.0	A00000758	4.0	9.85	0.0
3779318278044778496	1.4	124.0		20.0	190	A00003258	A00002013	0.0	A00000761	4.0	9.85	0.0
3779318278053167104	1.4	163.0		20.0	191	A00002016	A00003259	0.0	A00000533	4.0	9.85	0.0
3779318278057361408	1.4	176.0		20.0	192	A00003260	A00003261	0.0	A00000535	4.0	9.85	0.0
3779318278065750016	1.4	208.9		20.0	193	A00003262	A00002019	0.0	A00000549	4.0	9.85	0.0
3779318278069944320	1.4	210.0		20.0	194	A00002022	A00003263	0.0	A00000543	2.5	6.0	0.0
3779318278078332928	1.4	3.0		20.0	195	A00002024	A00003264	0.0	A00000729	4.0	9.85	0.0
3779318278082527232	1.4	3.0		20.0	196	A00003265	A00002025	0.0	A00000750	4.0	9.85	0.0
3779318278090915840	1.4	3.0		20.0	197	A00002028	A00002027	0.0	A00001508	4.0	9.85	0.0
3779318278095110144	1.4	209.0		20.0	198	A00002030	A00003266	0.0	A00000547	2.5	6.0	0.0
3779318278103498752	1.4	187.0		20.0	199	A00002032	A00002031	0.0	A00000554	2.5	6.0	0.0
3779318278111887360	1.4	188.0		20.0	200	A00003267	A00003268	0.0	A00000545	2.5	6.0	0.0
3779318278116081664	1.4	175.0		20.0	201	A00002036	A00003269	0.0	A00001244	2.5	6.0	0.0
3779318278124470272	1.4	163.0		20.0	202	A00002038	A00003270	0.0	A00000537	2.5	6.0	0.0
3779318278128664576	1.4	163.0		20.0	203	A00002040	A00003271	0.0	A00000541	2.5	6.0	0.0
3779318278137053184	1.4	163.0		20.0	204	A00002042	A00002041	0.0	A00000552	4.0	9.85	0.0
3779318278141247488	1.4	163.0		20.0	205	A00002044	A00002043	0.0	A00000539	2.5	6.0	0.0
3779318278149636096	1.6	70.0	A00002046	20.0	206	A00002048	A00002047	0.0	A00002045	4.0	9.85	0.0
3779318278153830400	1.4	157.0		20.0	207	A00002050	A00003272	0.0	A00000720	4.0	9.85	0.0
3779318278162219008	1.4	60.0		20.0	208	A00003273	A00003274	0.0	A00000718	4.0	9.85	0.0
3779318278170607616	1.4	61.0		20.0	209	A00003275	A00003276	0.0	A00002053	2.5	6.0	0.0
3779318278174801920	1.4	3.0		20.0	210	A00002057	A00003277	0.0	A00000716	4.0	9.85	0.0
3779318278183190528	1.4	52.0		20.0	211	A00002059	A00003278	0.0	A00000723	4.0	9.85	0.0
3779318278187384832	1.4	85.0		20.0	212	A00002061	A00002060	0.0	A00000725	4.0	9.85	0.0
3779318278195773440	1.4	27.0		20.0	213	A00002063	A00002062	0.0	A00000727	4.0	9.85	0.0
3779318278204162048	1.4	110.0		20.0	214	A00003279	A00002064	0.0	A00000775	2.5	6.0	0.0
3779318278212550656	1.4	15.0		20.0	215	A00002067	A00003280	0.0	A00000741	4.0	9.85	0.0
3779318278216744960	1.4	70.0		20.0	216	A00002069	A00002068	0.0	A00000746	2.5	6.0	0.0
3779318278225133568	1.4	15.0		20.0	217	A00003281	A00003282	0.0	A00000743	4.0	9.85	0.0
3779318278233522176	1.4	7.0		20.0	218	A00003283	A00003284	0.0	A00000737	4.0	9.85	0.0
3779318278241910784	1.4	10.0		20.0	219	A00003285	A00002074	0.0	A00000733	4.0	9.85	0.0
3779318278246105088	1.4	10.0		20.0	220	A00003286	A00002076	0.0	A00000735	4.0	9.85	0.0
3779318281039511552	1.4	0.0		20.0	629	A00003452	A00003019	0.0	A00001298	4.0	9.85	0.0
3779318281047900160	1.4	0.0		20.0	630	A00003022	A00003021	0.0	A00001441	4.0	9.85	0.0
3779318281052094464	1.4	0.0		20.0	631	A00003453	A00003023	0.0	A00001289	4.0	9.85	0.0
3779318281060483072	1.4	0.0		20.0	632	A00003026	A00003025	0.0	A00001310	4.0	9.85	0.0
3779318281064677376	1.4	0.0		20.0	633	A00003028	A00003454	0.0	A00001283	4.0	9.85	0.0
3779318281073065984	1.4	0.0		20.0	634	A00003030	A00003029	0.0	A00001276	4.0	9.85	0.0
3779318281077260288	1.4	0.0		20.0	635	A00003032	A00003455	0.0	A00001267	4.0	9.85	0.0
3779318281085648896	1.4	0.0		20.0	636	A00003034	A00003033	0.0	A00001313	4.0	9.85	0.0
3779318281098231808	1.4	143.0	A00003037	20.0	638	A00003435	A00003436	0.0	A00000444	6.0	11.85	0.0
3779318281106620416	1.4	164.0		20.0	639	A00003437	A00003040	0.0	A00001303	6.0	11.85	0.0
3779318281110814720	1.4	251.0	A00003043	20.0	640	A00003438	A00003439	0.0	A00003042	6.0	11.85	0.0
3779318281119203328	1.4	300.0		20.0	641	A00003440	A00003441	0.0	A00003046	6.0	11.85	0.0
3779318281123397632	1.4	240.0		20.0	642	A00003050	A00003442	0.0	A00001465	6.0	11.85	0.0
dummy_1	1.0	48.0	#N/A		-1	A00003456	A00003457		dummy_1	4.0	9.85		#N/A
