capacity	code	dest	dest_idx	dest_name	diameter	efficiency	heat_para	idx	is_valve	length	lower_capacity	lower_pressure_warning	lower_temp_warning	max_pressure	name	ori	ori_idx	ori_name	resistance_para	roughness	sub_division	temp	thickness	unit_operation_cost	unit_price	upper_capacity	upper_pressure_warning	upper_temp_warning	valve_end	('max_pressure',)
2400.0	3779318282595598336	3779318278212550656	215	A00000741	681.0	100.0	1.35	417		38.56	-2400.0	4.0	5.0	10.0	GDGN0025	3779318278233522176	218	A00000737	1.0	0.01	0.0	8.0	15.0	1.3336	4.2147	2400.0	9.85	50.0
2400.0	3779318282595598337	3779318278233522176	218	A00000737	691.0	100.0	1.35	418		29.4	-2400.0	4.0	5.0	10.0	GDGN0024	3779318278246105088	220	A00000735	1.0	0.01	0.0	8.0	10.0	1.3336	4.2147	2400.0	9.85	50.0
2400.0	3779318282599792640	3779318278246105088	220	A00000735	691.0	100.0	1.35	419		19.5	-2400.0	4.0	5.0	10.0	GDGN0023	3779318278241910784	219	A00000733	1.0	0.01	0.0	8.0	10.0	1.3336	4.2147	2400.0	9.85	50.0
2400.0	3779318282603986944	3779318278241910784	219	A00000733	691.0	100.0	1.35	420		22.53	-2400.0	4.0	5.0	10.0	GDGN0022	3779318278078332928	195	A00000729	1.0	0.01	0.0	8.0	10.0	1.3336	4.2147	2400.0	9.85	50.0
2400.0	3779318282603986945	3779318277994446848	182	A00000712	693.6	100.0	1.35	421		46.61	-2400.0	4.0	5.0	10.0	GDGN0027	3779318278225133568	217	A00000743	1.0	0.01	0.0	8.0	8.7	1.3336	4.2147	2400.0	9.85	50.0
2400.0	3779318282608181248	3779318278225133568	217	A00000743	693.6	100.0	1.35	422		15.15	-2400.0	4.0	5.0	10.0	GDGN0026	3779318278212550656	215	A00000741	1.0	0.01	0.0	8.0	8.7	1.3336	4.2147	2400.0	9.85	50.0
331.42	3779318282612375552	3779318278216744960	216	A00000746	441.2	100.0	1.35	423	A00003088	1.0	-331.428571	2.5	-10.0	6.3	GDGN0029	3779318278212550656	215	A00000741	1.0	0.01	0.0	10.0	7.9	1.3336	4.2147	331.428571	6.0	50.0	0.0
331.42	3779318282616569856	3779318278204162048	214	A00000775	441.2	100.0	1.35	424		114.52	-331.428571	2.5	-10.0	6.3	GDGN0030	3779318278216744960	216	A00000746	1.0	0.01	0.0	10.0	7.9	1.3336	4.2147	331.428571	6.0	50.0
2400.0	3779318282616569857	3779318278078332928	195	A00000729	697.0	100.0	1.35	425		36.94	-2400.0	4.0	5.0	10.0	GDGN0021	3779318278195773440	213	A00000727	1.0	0.01	0.0	8.0	7.0	1.3336	4.2147	2400.0	9.85	50.0
2400.0	3779318282620764160	3779318278195773440	213	A00000727	695.0	100.0	1.35	426		58.92	-2400.0	4.0	5.0	10.0	GDGN0020	3779318278149636096	206	A00002045	1.0	0.01	0.0	8.0	8.0	1.3336	4.2147	2400.0	9.85	50.0
2400.0	3779318282624958464	3779318278149636096	206	A00002045	695.0	100.0	1.35	427		46.83	-2400.0	4.0	5.0	10.0	GDGN0019	3779318278187384832	212	A00000725	1.0	0.01	0.0	8.0	8.0	1.3336	4.2147	2400.0	9.85	50.0
2400.0	3779318282624958465	3779318278187384832	212	A00000725	695.0	100.0	1.35	428		55.96	-2400.0	4.0	5.0	10.0	GDGN0018	3779318278183190528	211	A00000723	1.0	0.01	0.0	8.0	8.0	1.3336	4.2147	2400.0	9.85	50.0
2400.0	3779318282629152768	3779318278183190528	211	A00000723	695.0	100.0	1.35	429		46.73	-2400.0	4.0	5.0	10.0	GDGN0017	3779318278153830400	207	A00000720	1.0	0.01	0.0	8.0	8.0	1.3336	4.2147	2400.0	9.85	50.0
2400.0	3779318282633347072	3779318278153830400	207	A00000720	691.0	100.0	1.35	430		16.21	-2400.0	4.0	5.0	10.0	GDGN0016	3779318278162219008	208	A00000718	1.0	0.01	0.0	8.0	10.0	1.3336	4.2147	2400.0	9.85	50.0
331.42	3779318282633347073	3779318278170607616	209	A00002053	592.6	100.0	1.35	431	A00003089	22.81	-331.428571	2.5	-10.0	6.3	GDGN0028	3779318278153830400	207	A00000720	1.0	0.01	0.0	10.0	8.7	1.3336	4.2147	331.428571	6.0	50.0	0.0
2400.0	3779318282637541376	3779318278162219008	208	A00000718	687.0	100.0	1.35	432		9.96	-2400.0	4.0	5.0	10.0	GDGN0015	3779318278174801920	210	A00000716	1.0	0.01	0.0	8.0	12.0	1.3336	4.2147	2400.0	9.85	50.0
388.57	3779318282641735680	3779318278141247488	205	A00000539	462.2	100.0	1.4	433		88.27	-388.571429	2.5	5.0	6.3	GDGN0043	3779318278124470272	202	A00000537	1.0	0.01	0.0	6.0	22.9	1.3336	4.2147	388.571429	6.0	50.0
388.57	3779318282641735681	3779318278128664576	203	A00000541	462.2	100.0	1.4	434		121.92	-388.571429	2.5	5.0	6.3	GDGN0044	3779318278141247488	205	A00000539	1.0	0.01	0.0	6.0	22.9	1.3336	4.2147	388.571429	6.0	50.0
388.57	3779318282645929984	3779318278137053184	204	A00000552	278.1	100.0	1.4	435		44.87	-388.571429	2.5	5.0	6.3	GDGN0045	3779318278128664576	203	A00000541	1.0	0.01	0.0	6.0	22.9	1.3336	4.2147	388.571429	6.0	50.0
388.57	3779318282650124288	3779318278124470272	202	A00000537	462.2	100.0	1.4	436	A00003090	76.16	-388.571429	2.5	5.0	6.3	GDGN0042	3779318278053167104	191	A00000533	1.0	0.01	0.0	6.0	22.9	1.3336	4.2147	388.571429	6.0	50.0	0.0
680.0	3779318282654318592	3779318278116081664	201	A00001244	659.6	100.0	1.3	437		118.5	-680.0	4.0	-10.0	6.3	GDGN0046	3779318278069944320	194	A00000543	1.0	0.01	0.0	8.0	25.7	4.8408	4.2147	680.0	11.85	50.0
680.0	3779318282658512896	3779318278103498752	199	A00000554	564.2	100.0	1.35	438		13.0	-680.0	2.5	5.0	6.3	GDGN0049	3779318278095110144	198	A00000547	1.0	0.01	0.0	8.0	22.9	4.8408	4.2147	680.0	6.0	50.0
680.0	3779318282658512897	3779318278095110144	198	A00000547	575.0	100.0	1.35	439		67.0	-680.0	2.5	5.0	6.3	GDGN0048	3779318278111887360	200	A00000545	1.0	0.01	0.0	8.0	17.5	4.8408	4.2147	680.0	6.0	50.0
680.0	3779318282662707200	3779318278111887360	200	A00000545	575.0	100.0	1.35	440		32.5	-680.0	2.5	5.0	6.3	GDGN0047	3779318278069944320	194	A00000543	1.0	0.01	0.0	8.0	17.5	4.8408	4.2147	680.0	6.0	50.0
1200.0	3779318282666901504	3779318277977669632	180	A00000767	676.0	100.0	1.35	441		27.6	-1200.0	4.0	5.0	10.0	GDGN0033	3779318278090915840	197	A00001508	1.0	0.01	0.0	10.0	17.5	1.3336	4.2147	1200.0	9.85	50.0
1200.0	3779318282666901505	3779318278090915840	197	A00001508	676.0	100.0	1.35	442		9.29	-1200.0	4.0	5.0	10.0	GDGN0032	3779318278082527232	196	A00000750	1.0	0.01	0.0	10.0	17.5	1.3336	4.2147	1200.0	9.85	50.0
1200.0	3779318282671095808	3779318278082527232	196	A00000750	676.0	100.0	1.35	443		53.98	-1200.0	4.0	5.0	10.0	GDGN0031	3779318278078332928	195	A00000729	1.0	0.01	0.0	10.0	17.5	1.3336	4.2147	1200.0	9.85	50.0
2857.14	3779318282675290112	3779318278053167104	191	A00000533	970.2	100.0	1.4	444		23.1	-2857.142857	4.0	5.0	10.0	GDGN0039	3779318278044778496	190	A00000761	1.0	0.01	0.0	6.0	22.9	1.3336	4.2147	2857.142857	9.85	50.0
2857.14	3779318282675290113	3779318278057361408	192	A00000535	970.2	100.0	1.4	445		51.7	-2857.142857	4.0	5.0	10.0	GDGN0040	3779318278053167104	191	A00000533	1.0	0.01	0.0	6.0	22.9	1.3336	4.2147	2857.142857	9.85	50.0
2857.14	3779318282679484416	3779318278065750016	193	A00000549	970.2	100.0	1.4	446		94.8	-2857.142857	4.0	5.0	10.0	GDGN0041	3779318278057361408	192	A00000535	1.0	0.01	0.0	6.0	22.9	1.3336	4.2147	2857.142857	9.85	50.0
2857.14	3779318282683678720	3779318278069944320	194	A00000543	676.0	100.0	1.35	447	A00003091	1.0	-2857.142857	2.5	5.0	10.0	GDGN0637	3779318278065750016	193	A00000549	1.0	0.01	0.0	8.0	17.5	1.3336	4.2147	2857.142857	6.0	50.0	0.0
2857.14	3779318282683678721	3779318278028001280	187	A00000754	970.2	100.0	1.4	448		71.6	-2857.142857	4.0	5.0	10.0	GDGN0035	3779318277986058240	181	A00000752	1.0	0.01	0.0	6.0	22.9	1.3336	4.2147	2857.142857	9.85	50.0
2857.14	3779318282687873024	3779318278032195584	188	A00000756	970.2	100.0	1.4	449		35.1	-2857.142857	4.0	5.0	10.0	GDGN0036	3779318278028001280	187	A00000754	1.0	0.01	0.0	6.0	22.9	1.3336	4.2147	2857.142857	9.85	50.0
2857.14	3779318282692067328	3779318278040584192	189	A00000758	970.2	100.0	1.4	450		22.6	-2857.142857	4.0	5.0	10.0	GDGN0037	3779318278032195584	188	A00000756	1.0	0.01	0.0	6.0	22.9	1.3336	4.2147	2857.142857	9.85	50.0
2857.14	3779318282692067329	3779318278044778496	190	A00000761	970.2	100.0	1.4	451		45.6	-2857.142857	4.0	5.0	10.0	GDGN0038	3779318278040584192	189	A00000758	1.0	0.01	0.0	6.0	22.9	1.3336	4.2147	2857.142857	9.85	50.0
3934.28	3779318282696261632	3779318278007029760	184	A00000706	992.0	100.0	1.75	452		21.3	-3934.285714	4.0	5.0	10.0	GDGN0006	3779318277927337984	172	A00000704	1.0	0.01	0.0	10.3	12.0	1.3336	4.2147	3934.285714	9.85	50.0
3934.28	3779318282700455936	3779318278011224064	185	A00000035	992.0	100.0	1.75	453		21.2	-3934.285714	4.0	5.0	10.0	GDGN0007	3779318278007029760	184	A00000706	1.0	0.01	0.0	10.3	12.0	1.3336	4.2147	3934.285714	9.85	50.0
3934.28	3779318282700455937	3779318278019612672	186	A00000708	992.0	100.0	1.75	454		65.9	-3934.285714	4.0	5.0	10.0	GDGN0008	3779318278011224064	185	A00000035	1.0	0.01	0.0	10.3	12.0	1.3336	4.2147	3934.285714	9.85	50.0
3934.28	3779318282704650240	3779318277994446848	182	A00000712	992.0	100.0	1.75	455		15.4	-3934.285714	4.0	5.0	10.0	GDGN0009	3779318278019612672	186	A00000708	1.0	0.01	0.0	9.5	12.0	1.3336	4.2147	3934.285714	9.85	50.0
2857.14	3779318282708844544	3779318277986058240	181	A00000752	970.2	100.0	1.4	456		21.2	-2857.142857	4.0	5.0	10.0	GDGN0034	3779318277994446848	182	A00000712	1.0	0.01	0.0	6.0	22.9	1.3336	4.2147	2857.142857	9.85	50.0
1000.0	3779318282713038848	3779318278002835456	183	A00000773	586.0	100.0	1.75	457	A00003092	23.2	-1000.0	2.5	-10.0	6.3	GDGN0014	3779318277994446848	182	A00000712	1.0	0.03	0.0	9.5	12.0	1.3336	4.2147	1000.0	6.0	50.0	0.0
1000.0	3779318282713038849	3779318277977669632	180	A00000767	992.0	100.0	1.75	458		26.3	-1000.0	4.0	5.0	10.0	GDGN0013	3779318277927337984	172	A00000704	1.0	0.03	0.0	10.3	12.0	1.3336	4.2147	1000.0	9.85	50.0
3934.28	3779318282717233152	3779318277973475328	179	A00000701	1002.0	100.0	1.75	459		37.5	-3934.285714	4.0	5.0	10.0	GDGN0003	3779318277906366464	169	A00000698	1.0	0.01	0.0	12.8	7.0	1.3336	4.2147	3934.285714	9.85	50.0
1000.0	3779318282734010368	3779318277939920896	174	A00000710	144.3	100.0	1.75	464	A00003093	14.7	-1000.0	2.5	5.0	6.3	GDGN0011	3779318277973475328	179	A00000701	1.0	0.03	0.0	11.9	12.0	1.3336	4.2147	1000.0	6.0	50.0	0.0
1000.0	3779318282734010369	3779318277948309504	175	A00000765	154.3	100.0	1.35	465		15.45	-1000.0	1.0	5.0	6.3	GDGN0012	3779318277939920896	174	A00000710	1.0	0.03	0.0	8.0	7.0	1.3336	4.2147	1000.0	6.0	50.0
3934.28	3779318282738204672	3779318277935726592	173	A00001975	992.0	100.0	1.75	466		32.84	-3934.285714	4.0	5.0	10.0	GDGN0004	3779318277973475328	179	A00000701	1.0	0.01	0.0	11.9	12.0	1.3336	4.2147	3934.285714	9.85	50.0
3934.28	3779318282742398976	3779318277927337984	172	A00000704	992.0	100.0	1.75	467		65.18	-3934.285714	4.0	5.0	10.0	GDGN0005	3779318277935726592	173	A00001975	1.0	0.01	0.0	11.9	12.0	1.3336	4.2147	3934.285714	9.85	50.0
3934.28	3779318282750787584	3779318277906366464	169	A00000698	1000.0	100.0	1.75	470		79.85	-3934.285714	4.0	5.0	10.0	GDGN0002	3779318277918949376	171	A00000033	1.0	0.01	0.0	12.8	8.0	1.3336	4.2147	3934.285714	9.85	50.0
228.57	3779318282750787585	3779318277914755072	170	A00000763	299.9	100.0	1.75	471	A00003094	7.7	-228.571429	2.5	-10.0	10.0	GDGN0010	3779318277906366464	169	A00000698	1.0	0.03	0.0	12.8	12.0	1.3336	4.2147	228.571429	6.0	50.0	0.0
10000.0	3779318283384127488	3779318278116081664	201	A00001244	1370.6	100.0	1.3	650	A00003113	135.9	-8500.0	6.0	-10.0	12.0	GDGN0680	3779318281098231808	638	A00000444	1.0	0.01	0.0	8.0	25.7	7.2315	4.2147	8500.0	11.85	50.0	0.0
10000.0	3779318283388321792	3779318281098231808	638	A00000444	1370.6	100.0	1.3	651		53.9	-8500.0	6.0	-10.0	12.0	GDGN0679	3779318281106620416	639	A00001303	1.0	0.01	0.0	8.0	25.7	7.2315	4.2147	8500.0	11.85	50.0
10000.0	3779318283392516096	3779318281106620416	639	A00001303	1370.6	100.0	1.75	652		142.3	-8500.0	6.0	-10.0	12.0	GDGN0678	3779318281110814720	640	A00003042	1.0	0.01	0.0	5.0	25.7	7.2315	4.2147	8500.0	11.85	50.0
10000.0	3779318283392516097	3779318281110814720	640	A00003042	1370.6	100.0	1.4	653		189.3	-8500.0	6.0	-10.0	12.0	GDGN0677	3779318281119203328	641	A00003046	1.0	0.01	0.0	5.0	25.7	7.2315	4.2147	8500.0	11.85	50.0
10000.0	3779318283396710400	3779318281119203328	641	A00003046	1370.6	100.0	1.35	654		193.6	-8500.0	6.0	-10.0	12.0	GDGN0676	3779318281123397632	642	A00001465	1.0	0.01	0.0	5.0	25.7	7.2315	4.2147	8500.0	11.85	50.0
3934.2800000000004	dummy_1	dummy_1	dummy_1	dummy_1	998.0	100.0	1.75	dummy_1	#N/A	79.85		0.0	0.0		dummy_1	3779318277918949376	3779318277918949376	A00000033	1.0	0.01		11.899999999999977	9.0	1.3336	1.3336		100.0	50.0	0.0	100.0
