code	comp_ratio	elevation	has_compressor	highest_temp	idx	A00001517	A00001516	lowest_temp	name	pressure_lower	pressure_upper	sub_division	valve
3779318279978352640	1.4	1537.0		20.0	474	A00002659	A00003376	0.0	A00000167	2.5	6.0	0.0
3779318279982546944	1.4	1537.0	A00002661	20.0	475	A00003377	A00003378	0.0	A00002660	4.0	9.85	0.0
3779318280011907072	1.4	1180.0		20.0	479	A00002672	A00003599	0.0	A00000145	4.0	9.85	0.0
3779318280016101376	1.4	1180.0		20.0	480	A00002675	A00002674	0.0	A00002673	2.5	6.0	0.0
3779318280024489984	1.4	1500.0		20.0	481	A00003382	A00003383	0.0	A00000141	4.0	9.85	0.0
3779318280028684288	1.4	1450.0		20.0	482	A00002679	A00003383	0.0	A00002678	4.0	9.85	0.0
3779318280037072896	1.4	1350.0		20.0	483	A00002681	A00002680	0.0	A00000143	4.0	9.85	0.0
3779318280070627328	1.4	538.0	A00002695	20.0	488	A00002697	A00003604	0.0	A00001052	4.0	9.85	0.0
3779318280079015936	1.4	850.0		20.0	489	A00002700	A00003605	0.0	A00002698	4.0	9.85	0.0
3779318280087404544	1.4	373.0		20.0	490	A00003606	A00003607	0.0	A00001055	4.0	9.85	0.0
3779318280099987456	1.4	420.0		20.0	491	A00002705	A00002704	0.0	A00002703	4.0	9.85	0.0
3779318280108376064	1.4	400.0		20.0	492	A00002708	A00003608	0.0	A00002706	4.0	9.85	0.0
3779318280116764672	1.4	328.0	A00002710	20.0	493	A00002712	A00003609	0.0	A00002709	4.0	9.85	0.0
3779318280125153280	1.4	340.0		20.0	494	A00003610	A00002714	0.0	A00002713	4.0	9.85	0.0
3779318280129347584	1.4	1930.0		20.0	495	A00003611	A00002716	0.0	A00000242	4.0	9.85	0.0
3779318280137736192	1.4	1930.0		20.0	496	A00002719	A00002718	0.0	A00000244	4.0	9.85	0.0
3779318280146124800	1.4	2220.0		20.0	497	A00002721	A00003612	0.0	A00001166	4.0	9.85	0.0
3779318280150319104	1.4	2095.0		20.0	498	A00003613	A00002722	0.0	A00000237	4.0	9.85	0.0
3779318280158707712	1.4	2095.0		20.0	499	A00003614	A00003615	0.0	A00000240	4.0	9.85	0.0
3779318280162902016	1.4	1644.0		20.0	500	A00002727	A00002726	0.0	A00001163	4.0	9.85	0.0
3779318280171290624	1.4	1810.0		20.0	501	A00003616	A00003617	0.0	A00001145	4.0	9.85	0.0
3779318280179679232	1.4	1644.0		20.0	502	A00002731	A00003618	0.0	A00001161	4.0	9.85	0.0
3779318280188067840	1.4	1925.0		20.0	503	A00002733	A00003619	0.0	A00001147	1.0	6.0	0.0
3779318280196456448	1.4	1925.0		20.0	504	A00003620	A00002735	0.0	A00002734	1.0	6.0	0.0
3779318280204845056	1.4	1925.0		20.0	505	A00003621	A00003622	0.0	A00001149	1.0	6.0	0.0
3779318280209039360	1.4	1664.0		20.0	506	A00003623	A00002739	0.0	A00001170	1.0	6.0	0.0
3779318280217427968	1.4	1820.0		20.0	507	A00003624	A00003625	0.0	A00001049	4.0	9.85	0.0
3779318280225816576	1.4	1670.0		20.0	508	A00003626	A00002743	0.0	A00001136	4.0	9.85	0.0
3779318280230010880	1.4	1820.0		20.0	509	A00002746	A00003627	0.0	A00001159	4.0	9.85	0.0
3779318280238399488	1.4	2030.0		20.0	510	A00002748	A00002747	0.0	A00001138	0.5	6.0	0.0
3779318280246788096	1.4	1840.0	A00002749	20.0	511	A00002751	A00003628	0.0	A00001157	4.0	9.85	0.0
3779318280255176704	1.4	1190.0		20.0	512	A00003629	A00002752	0.0	A00001155	4.0	9.85	0.0
3779318280259371008	1.4	1670.0		20.0	513	A00002755	A00002754	0.0	A00001153	4.0	9.85	0.0
3779318280267759616	1.4	750.0		20.0	514	A00002757	A00003630	0.0	A00001150	4.0	9.85	0.0
3779318280271953920	1.4	1670.0		20.0	515	A00002759	A00003631	0.0	A00001151	4.0	9.85	0.0
3779318280280342528	1.4	238.0	A00002760	20.0	516	A00003632	A00003633	0.0	A00001061	4.0	9.85	0.0
3779318280284536832	1.4	897.0	A00002763	20.0	517	A00003634	A00002764	0.0	A00000252	4.0	9.85	0.0
3779318280292925440	1.4	420.0		20.0	518	A00002768	A00003635	0.0	A00002766	4.0	9.85	0.0
3779318280301314048	1.4	420.0		20.0	519	A00003636	A00002770	0.0	A00002769	4.0	9.85	0.0
3779318280309702656	1.4	660.0		20.0	520	A00003637	A00002772	0.0	A00000248	4.0	9.85	0.0
3779318280318091264	1.4	660.0		20.0	521	A00003638	A00002774	0.0	A00000250	4.0	9.85	0.0
3779318280326479872	1.4	1442.0		20.0	522	A00003639	A00002776	0.0	A00000246	4.0	9.85	0.0
3779318280330674176	1.4	1250.0		20.0	523	A00003640	A00002778	0.0	A00000263	4.0	9.85	0.0
3779318280339062784	1.4	1257.0		20.0	524	A00002781	A00002780	0.0	A00000257	4.0	9.85	0.0
3779318280347451392	1.4	1250.0		20.0	525	A00002783	A00002782	0.0	A00000259	4.0	9.85	0.0
3779318280351645696	1.4	1250.0		20.0	526	A00003641	A00002785	0.0	A00002784	4.0	9.85	0.0
3779318280360034304	1.4	1200.0		20.0	527	A00002788	A00003642	0.0	A00000255	4.0	9.85	0.0
3779318280364228608	1.4	345.0		20.0	528	A00003643	A00003644	0.0	A00001057	4.0	9.85	0.0
3779318280372617216	1.4	345.0		20.0	529	A00002793	A00002792	0.0	A00002791	4.0	9.85	0.0
3779318280381005824	1.4	315.0		20.0	530	A00003645	A00002794	0.0	A00001184	4.0	9.85	0.0
3779318280385200128	1.4	330.0		20.0	531	A00003646	A00002797	0.0	A00002796	4.0	9.85	0.0
3779318280389394432	1.4	280.0		20.0	532	A00003647	A00002799	0.0	A00001059	4.0	9.85	0.0
3779318280397783040	1.4	310.0		20.0	533	A00002803	A00002802	0.0	A00002801	4.0	9.85	0.0
3779318280406171648	1.4	290.0		20.0	534	A00002806	A00002805	0.0	A00002804	4.0	9.85	0.0
3779318280410365952	1.4	1537.0		20.0	535	A00002808	A00003386	0.0	A00000165	2.5	6.0	0.0
3779318280418754560	1.4	1537.0		20.0	536	A00003387	A00003388	0.0	A00000148	2.5	6.0	0.0
3779318280422948864	1.4	1537.0		20.0	537	A00002812	A00002811	0.0	A00000151	2.5	6.0	0.0
3779318280431337472	1.4	2030.0		20.0	538	A00002814	A00003648	0.0	A00001141	0.5	6.0	0.0
3779318280439726080	1.4	2030.0		20.0	539	A00003649	A00002815	0.0	A00001143	0.5	6.0	0.0
3779318280448114688	1.4	2370.0		20.0	540	A00002818	A00002817	0.0	A00001168	0.5	6.0	0.0
3779318280456503296	1.4	1240.0		20.0	541	A00002820	A00003650	0.0	A00000234	4.0	9.85	0.0
3779318280464891904	1.4	850.0		20.0	542	A00003651	A00002821	0.0	A00000261	1.0	9.8	0.0
3779318280469086208	1.4	1106.0	A00002824	20.0	543	A00003652	A00003653	0.0	A00002823	4.0	9.85	0.0
3779318280477474816	1.4	1106.0		20.0	544	A00003654	A00002828	0.0	A00002827	4.0	9.85	0.0
3779318280485863424	1.4	235.0		20.0	545	A00003655	A00002830	0.0	A00000214	4.0	9.85	0.0
3779318280490057728	1.4	146.0		20.0	546	A00002834	A00003656	0.0	A00002832	4.0	9.85	0.0
3779318280498446336	1.4	135.0		20.0	547	A00003657	A00003658	0.0	A00000208	1.0	6.0	0.0
3779318280506834944	1.4	363.0		20.0	548	A00002838	A00003659	0.0	A00000216	4.0	9.85	0.0
3779318280511029248	1.4	85.0	A00002839	20.0	549	A00003660	A00003661	0.0	A00000194	4.0	9.85	0.0
3779318280519417856	1.4	85.0		20.0	550	A00002843	A00003662	0.0	A00000220	1.0	6.0	0.0
3779318280523612160	1.4	24.0		20.0	551	A00003663	A00003664	0.0	A00000200	4.0	9.85	0.0
3779318280532000768	1.4	56.0		20.0	552	A00003665	A00003666	0.0	A00001456	1.0	9.8	0.0
3779318280536195072	1.4	20.0		20.0	553	A00002849	A00003667	0.0	A00000212	1.0	9.8	0.0
3779318280544583680	1.4	20.0		20.0	554	A00002851	A00002850	0.0	A00000227	1.0	9.8	0.0
3779318280548777984	1.4	15.0		20.0	555	A00003668	A00003669	0.0	A00000230	1.0	6.0	0.0
3779318280557166592	1.4	24.0		20.0	556	A00003670	A00003671	0.0	A00000203	1.0	6.0	0.0
3779318280565555200	1.4	24.0		20.0	557	A00002857	A00002856	0.0	A00000205	1.0	6.0	0.0
3779318280569749504	1.4	24.0		20.0	558	A00003672	A00003673	0.0	A00000207	1.0	6.0	0.0
3779318280578138112	1.4	24.0		20.0	559	A00002861	A00003674	0.0	A00000222	1.0	6.0	0.0
3779318280582332416	1.4	155.0		20.0	560	A00002863	A00002862	0.0	A00000224	1.0	6.0	0.0
3779318280590721024	1.4	166.0		20.0	561	A00003675	A00003676	0.0	A00002864	1.0	6.0	0.0
3779318280594915328	1.4	166.0		20.0	562	A00003677	A00003678	0.0	A00000210	1.0	6.0	0.0
3779318280603303936	1.4	14.0		20.0	563	A00003679	A00002870	0.0	A00002869	4.0	9.85	0.0
3779318280607498240	1.4	22.0		20.0	564	A00003680	A00003681	0.0	A00000192	4.0	9.85	0.0
3779318280615886848	1.4	14.0		20.0	565	A00003682	A00003683	0.0	A00000218	1.0	6.0	0.0
3779318280620081152	1.4	14.0		20.0	566	A00003684	A00002876	0.0	A00000196	1.0	6.0	0.0
3779318280624275456	1.4	14.0		20.0	567	A00003685	A00003686	0.0	A00000198	1.0	6.0	0.0
3779318281039511552	1.4	0.0		20.0	629	A00003452	A00003019	0.0	A00001298	4.0	9.85	0.0
3779318281047900160	1.4	0.0		20.0	630	A00003022	A00003021	0.0	A00001441	4.0	9.85	0.0
3779318281052094464	1.4	0.0		20.0	631	A00003453	A00003023	0.0	A00001289	4.0	9.85	0.0
3779318281060483072	1.4	0.0		20.0	632	A00003026	A00003025	0.0	A00001310	4.0	9.85	0.0
3779318281064677376	1.4	0.0		20.0	633	A00003028	A00003454	0.0	A00001283	4.0	9.85	0.0
3779318281073065984	1.4	0.0		20.0	634	A00003030	A00003029	0.0	A00001276	4.0	9.85	0.0
3779318281077260288	1.4	0.0		20.0	635	A00003032	A00003455	0.0	A00001267	4.0	9.85	0.0
3779318281085648896	1.4	0.0		20.0	636	A00003034	A00003033	0.0	A00001313	4.0	9.85	0.0
dummy_1	1.0	15.0	#N/A		-1	A00003696	A00003697		dummy_1	4.0	9.85		#N/A
dummy_2	1.0	1568.5	#N/A		-1	A00003698	A00003699		dummy_2	4.0	9.85		#N/A
