capacity	code	dest	dest_idx	dest_name	diameter	efficiency	heat_para	idx	is_valve	length	lower_capacity	lower_pressure_warning	lower_temp_warning	max_pressure	name	ori	ori_idx	ori_name	resistance_para	roughness	sub_division	temp	thickness	unit_operation_cost	unit_price	upper_capacity	upper_pressure_warning	upper_temp_warning	valve_end	('max_pressure',)
2857.14	3779318281484107776	3779318280511029248	549	A00000194	963.6	100.0	1.4	57		1.0	-2857.142857	4.0	5.0	10.0	GDGN0210	3779318280607498240	564	A00000192	1.0	0.01	0.0	15.0	26.2	6.0048	3.5688	2857.142857	9.85	50.0
2857.14	3779318281488302080	3779318280607498240	564	A00000192	963.6	100.0	1.4	58		198.0	-2857.142857	4.0	5.0	10.0	GDGN0209	3779318280603303936	563	A00002869	1.0	0.01	0.0	15.0	26.2	6.0048	3.5688	2857.142857	9.85	50.0
253.14	3779318281492496384	3779318280620081152	566	A00000196	385.4	100.0	1.75	59	A00003053	15.9	-253.142857	1.0	5.0	6.3	GDGN0212	3779318280603303936	563	A00002869	1.0	0.03	0.0	22.0	10.3	6.0048	3.5688	253.142857	6.0	50.0	0.0
253.14	3779318281496690688	3779318280624275456	567	A00000198	385.4	100.0	1.75	60		31.4	-253.142857	1.0	5.0	6.3	GDGN0213	3779318280620081152	566	A00000196	1.0	0.03	0.0	22.0	10.3	6.0048	3.5688	253.142857	6.0	50.0
253.14	3779318281500884992	3779318280615886848	565	A00000218	385.4	100.0	1.75	61		166.0	-253.142857	1.0	5.0	6.3	GDGN0214	3779318280624275456	567	A00000198	1.0	0.03	0.0	22.0	10.3	6.0048	3.5688	253.142857	6.0	50.0
208.57	3779318281513467904	3779318280594915328	562	A00000210	441.0	100.0	1.75	66		46.22	-208.571429	1.0	5.0	6.3	GDGN0506	3779318280498446336	547	A00000208	1.0	0.03	0.0	22.0	8.0	0.9217	3.7018	208.571429	6.0	50.0
208.57	3779318281517662208	3779318280590721024	561	A00002864	441.0	100.0	1.75	67		89.42	-208.571429	1.0	5.0	6.3	GDGN0507	3779318280594915328	562	A00000210	1.0	0.03	0.0	22.0	8.0	0.9217	3.7018	208.571429	6.0	50.0
208.57	3779318281521856512	3779318280582332416	560	A00000224	445.0	100.0	1.75	68		22.45	-208.571429	1.0	5.0	6.3	GDGN0508	3779318280590721024	561	A00002864	1.0	0.03	0.0	22.0	6.0	0.9217	3.7018	208.571429	6.0	50.0
3628.57	3779318281521856513	3779318280511029248	549	A00000194	1000.0	100.0	1.75	69		74.6	-3628.571429	4.0	5.0	10.0	GDGN0541	3779318280506834944	548	A00000216	1.0	0.01	0.0	12.0	8.0	0.9217	3.7018	3628.571429	9.85	50.0
211.71	3779318281526050816	3779318280519417856	550	A00000220	442.8	100.0	1.75	70	A00003054	113.0	-211.714286	1.0	5.0	6.3	GDGN0215	3779318280511029248	549	A00000194	1.0	0.03	0.0	22.0	7.1	6.0048	3.5688	211.714286	6.0	50.0	0.0
2857.14	3779318281530245120	3779318280523612160	551	A00000200	997.0	100.0	1.4	71		137.0	-2857.142857	4.0	5.0	10.0	GDGN0211	3779318280511029248	549	A00000194	1.0	0.01	0.0	15.0	9.5	6.0048	3.5688	2857.142857	9.85	50.0
483.14	3779318281530245121	3779318280557166592	556	A00000203	407.0	100.0	1.75	72	A00003055	57.0	-483.14285700000005	1.0	5.0	6.3	GDGN0216	3779318280523612160	551	A00000200	1.0	0.03	0.0	22.0	25.0	6.0048	3.5688	483.14285700000005	6.0	50.0	0.0
2400.0	3779318281534439424	3779318280532000768	552	A00001456	801.0	100.0	1.75	73		81.86	-2400.0	1.0	5.0	10.0	GDGN0514	3779318280523612160	551	A00000200	1.0	0.03	0.0	22.0	6.0	0.9217	3.7018	2400.0	9.8	50.0
2400.0	3779318281538633728	3779318280536195072	553	A00000212	801.0	100.0	1.75	74		37.46	-2400.0	1.0	5.0	10.0	GDGN0515	3779318280532000768	552	A00001456	1.0	0.03	0.0	22.0	6.0	0.9217	3.7018	2400.0	9.8	50.0
2400.0	3779318281542828032	3779318280544583680	554	A00000227	801.0	100.0	1.75	75		22.93	-2400.0	1.0	5.0	10.0	GDGN0516	3779318280536195072	553	A00000212	1.0	0.03	0.0	22.0	6.0	0.9217	3.7018	2400.0	9.8	50.0
68.85	3779318281542828033	3779318280548777984	555	A00000230	797.0	100.0	1.75	76	A00003056	65.2	-68.85714300000001	1.0	5.0	6.3	GDGN0542	3779318280532000768	552	A00001456	1.0	0.03	0.0	22.0	8.0	0.9217	3.7018	68.85714300000001	6.0	50.0	0.0
483.14	3779318281547022336	3779318280565555200	557	A00000205	407.0	100.0	1.75	77		1.0	-483.14285700000005	1.0	5.0	6.3	GDGN0217	3779318280557166592	556	A00000203	1.0	0.03	0.0	22.0	25.0	6.0048	3.5688	483.14285700000005	6.0	50.0
483.14	3779318281551216640	3779318280569749504	558	A00000207	415.0	100.0	1.75	78		1.0	-483.14285700000005	1.0	5.0	6.3	GDGN0218	3779318280565555200	557	A00000205	1.0	0.03	0.0	22.0	21.0	6.0048	3.5688	483.14285700000005	6.0	50.0
483.14	3779318281551216641	3779318280578138112	559	A00000222	415.0	100.0	1.75	79		1.0	-483.14285700000005	1.0	5.0	6.3	GDGN0219	3779318280569749504	558	A00000207	1.0	0.03	0.0	22.0	21.0	6.0048	3.5688	483.14285700000005	6.0	50.0
3628.57	3779318281555410944	3779318280456503296	541	A00000234	1004.0	100.0	1.75	80		112.18	-3628.571429	4.0	5.0	10.0	GDGN0536	3779318280326479872	522	A00000246	1.0	0.01	0.0	22.0	6.0	0.9217	3.7018	3628.571429	9.85	50.0
70.85	3779318281559605248	3779318280464891904	542	A00000261	303.0	100.0	1.75	81		34.2	-70.85714300000001	1.0	5.0	10.0	GDGN0504	3779318280456503296	541	A00000234	1.0	0.03	0.0	17.0	10.0	0.9217	3.7018	70.85714300000001	9.85	50.0
3628.57	3779318281563799552	3779318280469086208	543	A00002823	1000.0	100.0	1.75	82		218.56	-3628.571429	4.0	5.0	10.0	GDGN0537	3779318280456503296	541	A00000234	1.0	0.01	0.0	22.0	8.0	0.9217	3.7018	3628.571429	9.85	50.0
22.85	3779318281563799553	3779318280477474816	544	A00002827	203.0	100.0	1.75	83	A00003057	23.73	-22.857143	4.0	5.0	6.3	GDGN0509	3779318280469086208	543	A00002823	1.0	0.01	0.0	22.0	8.0	0.9217	3.7018	22.857143	9.85	50.0	0.0
3628.57	3779318281567993856	3779318280485863424	545	A00000214	1000.0	100.0	1.75	84		49.4	-3628.571429	4.0	5.0	10.0	GDGN0538	3779318280469086208	543	A00002823	1.0	0.01	0.0	22.0	8.0	0.9217	3.7018	3628.571429	9.85	50.0
3628.57	3779318281572188160	3779318280490057728	546	A00002832	1000.0	100.0	1.75	85		44.6	-3628.571429	4.0	5.0	10.0	GDGN0539	3779318280485863424	545	A00000214	1.0	0.01	0.0	22.0	8.0	0.9217	3.7018	3628.571429	9.85	50.0
208.57	3779318281572188161	3779318280498446336	547	A00000208	441.0	100.0	1.75	86	A00003058	44.18	-208.571429	1.0	5.0	6.3	GDGN0505	3779318280490057728	546	A00002832	1.0	0.03	0.0	22.0	8.0	0.9217	3.7018	208.571429	6.0	50.0	0.0
3628.57	3779318281576382464	3779318280506834944	548	A00000216	1000.0	100.0	1.75	87		78.7	-3628.571429	4.0	5.0	10.0	GDGN0540	3779318280490057728	546	A00002832	1.0	0.01	0.0	22.0	8.0	0.9217	3.7018	3628.571429	9.85	50.0
44.57	3779318281580576768	3779318280431337472	538	A00001141	205.0	100.0	1.75	88		14.11	-44.571428999999995	0.5	5.0	6.3	GDGN0511	3779318280238399488	510	A00001138	1.0	0.03	0.0	17.0	7.0	0.9217	3.7018	44.571428999999995	6.0	50.0
44.57	3779318281580576769	3779318280439726080	539	A00001143	205.0	100.0	1.75	89		93.97	-44.571428999999995	0.5	5.0	6.3	GDGN0512	3779318280431337472	538	A00001141	1.0	0.03	0.0	17.0	7.0	0.9217	3.7018	44.571428999999995	6.0	50.0
44.57	3779318281584771072	3779318280448114688	540	A00001168	205.0	100.0	1.75	90		41.15	-44.571428999999995	0.5	5.0	6.3	GDGN0513	3779318280439726080	539	A00001143	1.0	0.03	0.0	17.0	7.0	0.9217	3.7018	44.571428999999995	6.0	50.0
42.85	3779318281588965376	3779318280418754560	536	A00000148	205.0	100.0	1.35	91	A00003059	73.99	-42.857143	2.5	-10.0	6.3	GDGN0581	3779318279982546944	475	A00002660	1.0	0.01	0.0	10.0	7.0	1.4903	3.5688	42.857143	6.0	50.0	0.0
42.85	3779318281588965377	3779318280422948864	537	A00000151	205.0	100.0	1.35	92		31.21	-42.857143	2.5	-10.0	6.3	GDGN0582	3779318280418754560	536	A00000148	1.0	0.01	0.0	10.0	7.0	1.4903	3.5688	42.857143	6.0	50.0
42.85	3779318281593159680	3779318280410365952	535	A00000165	205.0	100.0	1.35	93		37.79	-42.857143	2.5	-10.0	6.3	GDGN0583	3779318280422948864	537	A00000151	1.0	0.01	0.0	10.0	7.0	1.4903	3.5688	42.857143	6.0	50.0
4285.71	3779318281597353984	3779318280372617216	529	A00002791	982.0	100.0	1.4	94		22.8	-4285.714286	4.0	5.0	10.0	GDGN0562	3779318280116764672	493	A00002709	1.0	0.01	0.0	12.0	17.0	1.4903	3.5688	4285.714286	9.85	50.0
4285.71	3779318281597353985	3779318280364228608	528	A00001057	982.0	100.0	1.4	95		23.5	-4285.714286	4.0	5.0	10.0	GDGN0563	3779318280372617216	529	A00002791	1.0	0.01	0.0	12.0	17.0	1.4903	3.5688	4285.714286	9.85	50.0
4285.71	3779318281601548288	3779318280385200128	531	A00002796	982.0	100.0	1.4	96		27.1	-4285.714286	4.0	5.0	10.0	GDGN0564	3779318280364228608	528	A00001057	1.0	0.01	0.0	12.0	17.0	1.4903	3.5688	4285.714286	9.85	50.0
4285.71	3779318281605742592	3779318280381005824	530	A00001184	982.0	100.0	1.4	97		38.2	-4285.714286	4.0	5.0	10.0	GDGN0565	3779318280385200128	531	A00002796	1.0	0.01	0.0	12.0	17.0	1.4903	3.5688	4285.714286	9.85	50.0
4285.71	3779318281609936896	3779318280397783040	533	A00002801	982.0	100.0	1.4	98		21.7	-4285.714286	4.0	5.0	10.0	GDGN0566	3779318280381005824	530	A00001184	1.0	0.01	0.0	12.0	17.0	1.4903	3.5688	4285.714286	9.85	50.0
4285.71	3779318281609936897	3779318280406171648	534	A00002804	1002.0	100.0	1.4	99		21.2	-4285.714286	4.0	5.0	10.0	GDGN0567	3779318280397783040	533	A00002801	1.0	0.01	0.0	12.0	7.0	1.4903	3.5688	4285.714286	9.85	50.0
4285.71	3779318281614131200	3779318280389394432	532	A00001059	1002.0	100.0	1.4	100		34.8	-4285.714286	4.0	5.0	10.0	GDGN0568	3779318280406171648	534	A00002804	1.0	0.01	0.0	12.0	7.0	1.4903	3.5688	4285.714286	9.85	50.0
4285.71	3779318281618325504	3779318280280342528	516	A00001061	1000.0	100.0	1.4	101		46.5	-4285.714286	4.0	5.0	10.0	GDGN0569	3779318280389394432	532	A00001059	1.0	0.01	0.0	12.0	8.0	1.4903	3.5688	4285.714286	9.85	50.0
4285.71	3779318281618325505	3779318280292925440	518	A00002766	992.0	100.0	1.4	102	A00003060	37.1	-4285.714286	4.0	5.0	10.0	GDGN0570	3779318280280342528	516	A00001061	1.0	0.01	0.0	12.0	12.0	1.4903	3.5688	4285.714286	9.85	50.0	0.0
4285.71	3779318281622519808	3779318280301314048	519	A00002769	992.0	100.0	1.4	103		55.3	-4285.714286	4.0	5.0	10.0	GDGN0571	3779318280292925440	518	A00002766	1.0	0.01	0.0	12.0	12.0	1.4903	3.5688	4285.714286	9.85	50.0
4285.71	3779318281626714112	3779318280309702656	520	A00000248	996.0	100.0	1.4	104		58.7	-4285.714286	4.0	5.0	10.0	GDGN0572	3779318280301314048	519	A00002769	1.0	0.01	0.0	12.0	10.0	1.4903	3.5688	4285.714286	9.85	50.0
4285.71	3779318281626714113	3779318280318091264	521	A00000250	996.0	100.0	1.4	105		1.0	-4285.714286	4.0	5.0	10.0	GDGN0573	3779318280309702656	520	A00000248	1.0	0.01	0.0	12.0	10.0	1.4903	3.5688	4285.714286	9.85	50.0
4285.71	3779318281630908416	3779318280284536832	517	A00000252	996.0	100.0	1.4	106		11.9	-4285.714286	4.0	5.0	10.0	GDGN0574	3779318280318091264	521	A00000250	1.0	0.01	0.0	12.0	10.0	1.4903	3.5688	4285.714286	9.85	50.0
4285.71	3779318281635102720	3779318280360034304	527	A00000255	960.0	100.0	1.4	107		1.0	-4285.714286	4.0	5.0	10.0	GDGN0575	3779318280284536832	517	A00000252	1.0	0.01	0.0	14.0	28.0	1.4903	3.5688	4285.714286	9.85	50.0
4285.71	3779318281635102721	3779318280339062784	524	A00000257	960.0	100.0	1.4	108		9.1	-4285.714286	4.0	5.0	10.0	GDGN0576	3779318280360034304	527	A00000255	1.0	0.01	0.0	14.0	28.0	1.4903	3.5688	4285.714286	9.85	50.0
4285.71	3779318281639297024	3779318280347451392	525	A00000259	960.0	100.0	1.4	109		21.1	-4285.714286	4.0	5.0	10.0	GDGN0577	3779318280339062784	524	A00000257	1.0	0.01	0.0	14.0	28.0	1.4903	3.5688	4285.714286	9.85	50.0
4285.71	3779318281643491328	3779318280351645696	526	A00002784	960.0	100.0	1.4	110		22.5	-4285.714286	4.0	5.0	10.0	GDGN0578	3779318280347451392	525	A00000259	1.0	0.01	0.0	14.0	28.0	1.4903	3.5688	4285.714286	9.85	50.0
4285.71	3779318281647685632	3779318280330674176	523	A00000263	960.0	100.0	1.4	111		12.8	-4285.714286	4.0	5.0	10.0	GDGN0579	3779318280351645696	526	A00002784	1.0	0.01	0.0	14.0	28.0	1.4903	3.5688	4285.714286	9.85	50.0
4285.71	3779318281647685633	3779318280330674176	523	A00000263	307.9	100.0	1.75	112		1.0	-4285.714286	4.0	5.0	10.0	GDGN0640	3779318280326479872	522	A00000246	1.0	0.01	0.0	17.0	8.0	0.9217	3.5688	4285.714286	9.85	50.0
2857.14	3779318281651879936	3779318280271953920	515	A00001151	981.0	100.0	1.75	113		55.2	0.0	4.0	5.0	10.0	GDGN0520	3779318280267759616	514	A00001150	1.0	0.01	0.0	24.0	17.5	0.9217	3.7018	2857.142857	9.85	50.0
2857.14	3779318281656074240	3779318280259371008	513	A00001153	981.0	100.0	1.75	114		49.5	0.0	4.0	5.0	10.0	GDGN0521	3779318280271953920	515	A00001151	1.0	0.01	0.0	24.0	17.5	0.9217	3.7018	2857.142857	9.85	50.0
2857.14	3779318281656074241	3779318280255176704	512	A00001155	981.0	100.0	1.75	115		46.9	0.0	4.0	5.0	10.0	GDGN0522	3779318280259371008	513	A00001153	1.0	0.01	0.0	24.0	17.5	0.9217	3.7018	2857.142857	9.85	50.0
2857.14	3779318281660268544	3779318280246788096	511	A00001157	981.0	100.0	1.75	116		93.4	0.0	4.0	5.0	10.0	GDGN0523	3779318280255176704	512	A00001155	1.0	0.01	0.0	24.0	17.5	0.9217	3.7018	2857.142857	9.85	50.0
2857.14	3779318281664462848	3779318280225816576	508	A00001136	981.0	100.0	1.75	117		132.7	0.0	4.0	5.0	10.0	GDGN0524	3779318280246788096	511	A00001157	1.0	0.01	0.0	17.0	17.5	0.9217	3.7018	2857.142857	9.85	50.0
44.57	3779318281668657152	3779318280238399488	510	A00001138	199.0	100.0	1.75	118	A00003061	14.11	-44.571428999999995	0.5	5.0	6.3	GDGN0510	3779318280225816576	508	A00001136	1.0	0.03	0.0	17.0	10.0	0.9217	3.7018	44.571428999999995	6.0	50.0	0.0
2857.14	3779318281668657153	3779318280230010880	509	A00001159	981.0	100.0	1.75	119		115.9	0.0	4.0	5.0	10.0	GDGN0525	3779318280225816576	508	A00001136	1.0	0.01	0.0	17.0	17.5	0.9217	3.7018	2857.142857	9.85	50.0
2857.14	3779318281672851456	3779318280217427968	507	A00001049	981.0	100.0	1.75	120		44.1	0.0	4.0	5.0	10.0	GDGN0526	3779318280230010880	509	A00001159	1.0	0.01	0.0	17.0	17.5	0.9217	3.7018	2857.142857	9.85	50.0
2857.14	3779318281677045760	3779318280171290624	501	A00001145	981.0	100.0	1.75	121	A00003062	49.2	0.0	4.0	5.0	10.0	GDGN0527	3779318280217427968	507	A00001049	1.0	0.01	0.0	17.0	17.5	0.9217	3.7018	2857.142857	9.85	50.0	0.0
3628.57	3779318281677045761	3779318280179679232	502	A00001161	1002.0	100.0	1.75	122		63.7	0.0	4.0	5.0	10.0	GDGN0528	3779318280171290624	501	A00001145	1.0	0.01	0.0	17.0	7.0	0.9217	3.7018	3628.571429	9.85	50.0
3628.57	3779318281681240064	3779318280162902016	500	A00001163	1002.0	100.0	1.75	123		78.8	0.0	4.0	5.0	10.0	GDGN0529	3779318280179679232	502	A00001161	1.0	0.01	0.0	17.0	7.0	0.9217	3.7018	3628.571429	9.85	50.0
3628.57	3779318281685434368	3779318280146124800	497	A00001166	1002.0	100.0	1.75	124		61.1	0.0	4.0	5.0	10.0	GDGN0530	3779318280162902016	500	A00001163	1.0	0.01	0.0	17.0	7.0	0.9217	3.7018	3628.571429	9.85	50.0
3628.57	3779318281689628672	3779318280150319104	498	A00000237	996.0	100.0	1.75	125		159.72	0.0	4.0	5.0	10.0	GDGN0531	3779318280146124800	497	A00001166	1.0	0.01	0.0	17.0	10.0	0.9217	3.7018	3628.571429	9.85	50.0
3628.57	3779318281689628673	3779318280158707712	499	A00000240	996.0	100.0	1.75	126		81.62	0.0	4.0	5.0	10.0	GDGN0532	3779318280150319104	498	A00000237	1.0	0.01	0.0	17.0	10.0	0.9217	3.7018	3628.571429	9.85	50.0
3628.57	3779318281698017280	3779318280129347584	495	A00000242	1000.0	100.0	1.75	127		41.13	0.0	4.0	5.0	10.0	GDGN0533	3779318280158707712	499	A00000240	1.0	0.01	0.0	17.0	8.0	0.9217	3.7018	3628.571429	9.85	50.0
3628.57	3779318281702211584	3779318280137736192	496	A00000244	1000.0	100.0	1.75	128		42.92	0.0	4.0	5.0	10.0	GDGN0534	3779318280129347584	495	A00000242	1.0	0.01	0.0	17.0	8.0	0.9217	3.7018	3628.571429	9.85	50.0
3628.57	3779318281706405888	3779318280326479872	522	A00000246	1000.0	100.0	1.75	129		35.18	0.0	4.0	5.0	10.0	GDGN0535	3779318280137736192	496	A00000244	1.0	0.01	0.0	17.0	8.0	0.9217	3.7018	3628.571429	9.85	50.0
433.71	3779318281710600192	3779318280196456448	504	A00002734	799.0	100.0	1.75	130	A00003063	42.78	-433.714286	1.0	5.0	6.3	GDGN0517	3779318280171290624	501	A00001145	1.0	0.03	0.0	17.0	7.0	0.9217	3.7018	433.714286	6.0	50.0	0.0
433.71	3779318281710600193	3779318280188067840	503	A00001147	259.0	100.0	1.75	131		1.0	-433.714286	1.0	5.0	6.3	GDGN0648	3779318280196456448	504	A00002734	1.0	0.03	0.0	17.0	7.0	0.9217	3.5688	433.714286	6.0	50.0
433.71	3779318281714794496	3779318280204845056	505	A00001149	801.0	100.0	1.75	132		45.99	-433.714286	1.0	5.0	6.3	GDGN0518	3779318280188067840	503	A00001147	1.0	0.03	0.0	17.0	6.0	0.9217	3.7018	433.714286	6.0	50.0
433.71	3779318281718988800	3779318280209039360	506	A00001170	801.0	100.0	1.75	133		17.18	-433.714286	1.0	5.0	6.3	GDGN0519	3779318280204845056	505	A00001149	1.0	0.03	0.0	17.0	6.0	0.9217	3.7018	433.714286	6.0	50.0
4285.71	3779318281718988801	3779318280079015936	489	A00002698	982.0	100.0	1.4	134		73.3	-4285.714286	4.0	5.0	10.0	GDGN0555	3779318280011907072	479	A00000145	1.0	0.01	0.0	12.0	17.0	1.4903	3.5688	4285.714286	9.85	50.0
4285.71	3779318281723183104	3779318280070627328	488	A00001052	982.0	100.0	1.4	135		55.0	-4285.714286	4.0	5.0	10.0	GDGN0556	3779318280079015936	489	A00002698	1.0	0.01	0.0	12.0	17.0	1.4903	3.5688	4285.714286	9.85	50.0
4285.71	3779318281727377408	3779318280099987456	491	A00002703	982.0	100.0	1.4	136		93.2	-4285.714286	4.0	5.0	10.0	GDGN0557	3779318280070627328	488	A00001052	1.0	0.01	0.0	12.0	17.0	1.4903	3.5688	4285.714286	9.85	50.0
4285.71	3779318281735766016	3779318280108376064	492	A00002706	982.0	100.0	1.4	137		21.3	-4285.714286	4.0	5.0	10.0	GDGN0558	3779318280099987456	491	A00002703	1.0	0.01	0.0	12.0	17.0	1.4903	3.5688	4285.714286	9.85	50.0
4285.71	3779318281739960320	3779318280087404544	490	A00001055	982.0	100.0	1.4	138		39.2	-4285.714286	4.0	5.0	10.0	GDGN0559	3779318280108376064	492	A00002706	1.0	0.01	0.0	12.0	17.0	1.4903	3.5688	4285.714286	9.85	50.0
4285.71	3779318281744154624	3779318280125153280	494	A00002713	982.0	100.0	1.4	139		19.8	-4285.714286	4.0	5.0	10.0	GDGN0560	3779318280087404544	490	A00001055	1.0	0.01	0.0	12.0	17.0	1.4903	3.5688	4285.714286	9.85	50.0
4285.71	3779318281744154625	3779318280116764672	493	A00002709	982.0	100.0	1.4	140		38.9	-4285.714286	4.0	5.0	10.0	GDGN0561	3779318280125153280	494	A00002713	1.0	0.01	0.0	12.0	17.0	1.4903	3.5688	4285.714286	9.85	50.0
4285.71	3779318281781903360	3779318280024489984	481	A00000141	982.0	100.0	1.4	152		22.2	-4285.714286	4.0	5.0	10.0	GDGN0551	3779318279982546944	475	A00002660	1.0	0.01	0.0	10.0	17.0	1.4903	3.5688	4285.714286	9.85	50.0
4285.71	3779318281781903361	3779318280028684288	482	A00002678	982.0	100.0	1.4	153		21.2	-4285.714286	4.0	5.0	10.0	GDGN0552	3779318280024489984	481	A00000141	1.0	0.01	0.0	12.0	17.0	1.4903	3.5688	4285.714286	9.85	50.0
4285.71	3779318281786097664	3779318280037072896	483	A00000143	982.0	100.0	1.4	154		44.8	-4285.714286	4.0	5.0	10.0	GDGN0553	3779318280028684288	482	A00002678	1.0	0.01	0.0	12.0	17.0	1.4903	3.5688	4285.714286	9.85	50.0
4285.71	3779318281790291968	3779318280011907072	479	A00000145	982.0	100.0	1.4	155		51.1	-4285.714286	4.0	5.0	10.0	GDGN0554	3779318280037072896	483	A00000143	1.0	0.01	0.0	12.0	17.0	1.4903	3.5688	4285.714286	9.85	50.0
142.85	3779318281790291969	3779318280016101376	480	A00002673	960.0	100.0	1.35	156	A00003064	92.41	-142.85714299999998	2.5	-10.0	10.0	GDGN0580	3779318280011907072	479	A00000145	1.0	0.01	0.0	10.0	28.0	1.4903	3.5688	142.85714299999998	6.0	50.0	0.0
142.85	3779318281794486272	3779318279978352640	474	A00000167	259.0	100.0	1.35	157	A00003065	23.2	-142.85714299999998	2.5	-10.0	6.3	GDGN0584	3779318279982546944	475	A00002660	1.0	0.01	0.0	10.0	7.0	1.4903	3.5688	142.85714299999998	6.0	50.0	0.0
2571.42	dummy_1	dummy_1	dummy_1	dummy_1	963.6	100.0	1.75	dummy_1	#N/A	215.0		0.0	0.0		dummy_1	3779318280603303936	3779318280603303936	A00002869	1.0	0.01		15.0	9.0	6.0048	6.0048		100.0	50.0	0.0	100.0
4285.71	dummy_2	3779318279982546944	3779318279982546944	A00002660	982.0	100.0	1.75	dummy_2	#N/A	65.0		0.0	0.0		dummy_2	dummy_2	dummy_2	dummy_2	1.0	0.01		10.0	9.0	1.4903	1.4903		100.0	50.0	0.0	100.0
