code	comp_ratio	elevation	has_compressor	highest_temp	idx	A00001517	A00001516	lowest_temp	name	pressure_lower	pressure_upper	sub_division	valve
3779318278715867136	1.4	41.0		20.0	290	A00002234	A00002233	0.0	A00000905	4.0	9.85	0.0
3779318278720061440	1.4	48.0	A00002235	20.0	291	A00002237	A00002236	0.0	A00000900	4.0	9.85	0.0
3779318278728450048	1.4	40.0		20.0	292	A00003464	A00003465	0.0	A00000902	4.0	9.85	0.0
3779318278736838656	1.4	57.0		20.0	293	A00002241	A00002240	0.0	A00000396	4.0	9.85	0.0
3779318278741032960	1.4	69.0		20.0	294	A00003466	A00003467	0.0	A00000394	4.0	9.85	0.0
3779318278749421568	1.4	96.0		20.0	295	A00002245	A00003468	0.0	A00000894	4.0	9.85	0.0
3779318278762004480	1.4	160.0		20.0	297	A00002249	A00002248	0.0	A00000896	4.0	9.85	0.0
3779318278766198784	1.4	66.0		20.0	298	A00002251	A00003469	0.0	A00000361	4.0	9.85	0.0
3779318278774587392	1.4	160.0		20.0	299	A00002253	A00002252	0.0	A00000963	2.5	6.0	0.0
3779318278778781696	1.4	96.0		20.0	300	A00002255	A00002254	0.0	A00000961	2.5	6.0	0.0
3779318278787170304	1.4	96.0		20.0	301	A00003470	A00002256	0.0	A00000898	2.5	6.0	0.0
3779318278795558912	1.4	24.0	A00002258	20.0	302	A00002260	A00003471	0.0	A00000556	4.0	9.85	0.0
3779318278799753216	1.4	24.0		20.0	303	A00002262	A00003472	0.0	A00000021	4.0	9.85	0.0
3779318278808141824	1.4	20.0		20.0	304	A00002264	A00002263	0.0	A00000558	4.0	9.85	0.0
3779318278812336128	1.4	13.0		20.0	305	A00002266	A00003473	0.0	A00000562	4.0	9.85	0.0
3779318278820724736	1.4	15.0		20.0	306	A00003474	A00003475	0.0	A00000560	4.0	9.85	0.0
3779318278829113344	1.4	5.0		20.0	307	A00002270	A00003476	0.0	A00000567	4.0	9.85	0.0
3779318278833307648	1.4	2.0		20.0	308	A00002272	A00002271	0.0	A00000570	4.0	9.85	0.0
3779318278841696256	1.4	3.0		20.0	309	A00003477	A00002273	0.0	A00000572	4.0	9.85	0.0
3779318278845890560	1.4	6.0		20.0	310	A00002276	A00002275	0.0	A00000575	4.0	9.85	0.0
3779318278854279168	1.4	26.0		20.0	311	A00002278	A00003478	0.0	A00000579	4.0	9.85	0.0
3779318278862667776	1.4	6.0		20.0	312	A00002280	A00002279	0.0	A00000581	4.0	9.85	0.0
3779318278866862080	1.4	6.0		20.0	313	A00002282	A00003479	0.0	A00000583	4.0	9.85	0.0
3779318278875250688	1.4	6.0		20.0	314	A00002284	A00002283	0.0	A00000585	4.0	9.85	0.0
3779318278879444992	1.4	6.0		20.0	315	A00003480	A00002286	0.0	A00002285	4.0	9.85	0.0
3779318278887833600	1.4	6.0		20.0	316	A00003481	A00002288	0.0	A00000587	4.0	9.85	0.0
3779318278896222208	1.4	6.0	A00002290	20.0	317	A00002292	A00003482	0.0	A00000430	4.0	9.85	0.0
3779318278904610816	1.4	6.0		20.0	318	A00002294	A00002293	0.0	A00000589	4.0	9.85	0.0
3779318278912999424	1.4	24.0		20.0	319	A00002296	A00002295	0.0	A00000592	4.0	9.85	0.0
3779318278917193728	1.4	24.0		20.0	320	A00002298	A00003483	0.0	A00000659	4.0	9.85	0.0
3779318278925582336	1.4	24.0		20.0	321	A00002300	A00003484	0.0	A00000595	4.0	9.85	0.0
3779318278933970944	1.4	6.0		20.0	322	A00003485	A00003486	0.0	A00002301	4.0	9.85	0.0
3779318278938165248	1.4	0.2		20.0	323	A00003487	A00002305	0.0	A00002304	4.0	9.85	0.0
3779318278950748160	1.4	22.0		20.0	324	A00002308	A00003488	0.0	A00000011	4.0	9.85	0.0
3779318278954942464	1.4	61.0		20.0	325	A00002310	A00003489	0.0	A00000027	2.5	6.0	0.0
3779318278963331072	1.4	61.0	A00002311	20.0	326	A00002313	A00003490	0.0	A00000002	4.0	9.85	0.0
3779318278967525376	1.4	46.0		20.0	327	A00002315	A00003491	0.0	A00000009	4.0	9.85	0.0
3779318278975913984	1.4	4.0		20.0	328	A00002317	A00002316	0.0	A00000624	4.0	9.85	0.0
3779318278984302592	1.4	9.0		20.0	329	A00002319	A00003492	0.0	A00000612	4.0	9.85	0.0
3779318278988496896	1.4	4.0		20.0	330	A00002321	A00002320	0.0	A00000617	4.0	9.85	0.0
3779318278996885504	1.4	36.0		20.0	331	A00002323	A00003493	0.0	A00000605	4.0	9.85	0.0
3779318279001079808	1.4	6.0		20.0	332	A00002325	A00002324	0.0	A00000609	4.0	9.85	0.0
3779318279009468416	1.4	5.0		20.0	333	A00002327	A00002326	0.0	A00000668	4.0	9.85	0.0
3779318279017857024	1.4	28.0		20.0	334	A00002329	A00002328	0.0	A00000007	4.0	9.85	0.0
3779318279022051328	1.4	34.0		20.0	335	A00002331	A00002330	0.0	A00000005	4.0	9.85	0.0
3779318279030439936	1.4	47.0	A00002332	20.0	336	A00002334	A00003494	0.0	A00000398	4.0	9.85	0.0
3779318279038828544	1.4	159.0		20.0	337	A00002336	A00002335	0.0	A00000425	4.0	9.85	0.0
3779318279047217152	1.4	154.0		20.0	338	A00002338	A00003495	0.0	A00000392	4.0	9.85	0.0
3779318279055605760	1.4	154.0		20.0	339	A00002339	A00003495	0.0	A00000389	4.0	9.85	0.0
3779318279059800064	1.4	159.0	A00002340	20.0	340	A00002342	A00002341	0.0	A00000416	4.0	9.85	0.0
3779318279068188672	1.4	135.0	A00002343	20.0	341	A00002345	A00002344	0.0	A00000386	4.0	9.85	0.0
3779318279076577280	1.4	135.0	A00002347	20.0	342	A00002349	A00002348	0.0	A00002346	4.0	9.85	0.0
3779318279080771584	1.4	130.0		20.0	343	A00002351	A00003496	0.0	A00000410	4.0	9.85	0.0
3779318279147880448	1.4	159.0		20.0	353	A00002376	A00003497	0.0	A00000441	2.5	6.0	0.0
3779318279219183616	1.4	130.0		20.0	364	A00003498	A00003499	0.0	A00000413	4.0	9.85	0.0
3779318279227572224	1.4	145.0	A00002404	20.0	365	A00003500	A00002405	0.0	A00001420	4.0	9.85	0.0
3779318279231766528	1.4	100.0		20.0	366	A00002408	A00002407	0.0	A00000446	4.0	9.85	0.0
3779318279244349440	1.4	100.0		20.0	367	A00002410	A00003501	0.0	A00000449	4.0	9.85	0.0
3779318279252738048	1.4	20.0	A00002411	20.0	368	A00003502	A00002412	0.0	A00000452	4.0	9.85	0.0
3779318279261126656	1.4	20.0		20.0	369	A00003503	A00002414	0.0	A00000454	4.0	9.85	0.0
3779318279265320960	1.4	20.0	A00002416	20.0	370	A00002418	A00003504	0.0	A00000461	4.0	9.85	0.0
3779318279273709568	1.4	15.0		20.0	371	A00002420	A00002419	0.0	A00000670	4.0	9.85	0.0
3779318279277903872	1.4	40.0		20.0	372	A00003505	A00003506	0.0	A00000672	4.0	9.85	0.0
3779318279328235520	1.4	35.0	A00002442	20.0	379	A00002444	A00002443	0.0	A00000674	4.0	9.85	0.0
3779318279336624128	1.4	50.0		20.0	380	A00002446	A00003507	0.0	A00000677	4.0	9.85	0.0
3779318279340818432	1.4	100.0		20.0	381	A00002448	A00002447	0.0	A00000679	4.0	9.85	0.0
3779318279349207040	1.4	100.0		20.0	382	A00002450	A00002449	0.0	A00000682	4.0	9.85	0.0
3779318279357595648	1.4	45.0		20.0	383	A00002452	A00003508	0.0	A00000183	4.0	9.85	0.0
3779318279361789952	1.4	61.0	A00002453	20.0	384	A00002455	A00002454	0.0	A00000169	4.0	9.85	0.0
3779318279370178560	1.4	42.0	A00002457	20.0	385	A00003509	A00002458	0.0	A00002456	4.0	9.85	0.0
3779318279374372864	1.4	41.0		20.0	386	A00002461	A00003510	0.0	A00000685	4.0	9.85	0.0
3779318279382761472	1.4	83.0		20.0	387	A00003511	A00003512	0.0	A00000687	4.0	9.85	0.0
3779318279391150080	1.4	84.0	A00002464	20.0	388	A00003513	A00003514	0.0	A00001172	4.0	9.85	0.0
3779318279399538688	1.4	70.0		20.0	389	A00003515	A00003516	0.0	A00001174	4.0	9.85	0.0
3779318279407927296	1.4	43.0		20.0	390	A00003517	A00003518	0.0	A00001176	4.0	9.85	0.0
3779318279412121600	1.4	5.0		20.0	391	A00002472	A00002471	0.0	A00001178	4.0	9.85	0.0
3779318279420510208	1.4	2.0		20.0	392	A00002475	A00003519	0.0	A00002473	4.0	9.85	0.0
3779318279428898816	1.4	2.0		20.0	393	A00003520	A00003521	0.0	A00001044	4.0	9.85	0.0
3779318279437287424	1.4	3.0		20.0	394	A00003522	A00003523	0.0	A00001180	4.0	9.85	0.0
3779318279441481728	1.4	20.0		20.0	395	A00002482	A00003524	0.0	A00002480	4.0	9.85	0.0
3779318279445676032	1.4	20.0		20.0	396	A00003525	A00002484	0.0	A00002483	4.0	9.85	0.0
3779318279454064640	1.4	4.0		20.0	397	A00003526	A00002486	0.0	A00000597	4.0	9.85	0.0
3779318279458258944	1.4	3.0		20.0	398	A00002489	A00002488	0.0	A00000635	4.0	9.85	0.0
3779318279466647552	1.4	4.0		20.0	399	A00002491	A00002490	0.0	A00000654	2.5	6.0	0.0
3779318279470841856	1.4	4.0		20.0	400	A00002494	A00003527	0.0	A00002492	2.5	6.0	0.0
3779318279479230464	1.4	4.0		20.0	401	A00003528	A00002495	0.0	A00000014	2.5	6.0	0.0
3779318279487619072	1.4	4.0		20.0	402	A00003529	A00002497	0.0	A00000030	2.5	6.0	0.0
3779318279491813376	1.4	36.0		20.0	403	A00003530	A00002500	0.0	A00002499	4.0	9.85	0.0
3779318279500201984	1.4	36.0		20.0	404	A00002503	A00002502	0.0	A00000641	4.0	9.85	0.0
3779318279504396288	1.4	36.0		20.0	405	A00003531	A00002504	0.0	A00000662	4.0	9.85	0.0
3779318279512784896	1.4	4.0		20.0	406	A00002507	A00003532	0.0	A00000619	4.0	9.85	0.0
3779318279516979200	1.4	3.0		20.0	407	A00002509	A00002508	0.0	A00000632	4.0	9.85	0.0
3779318279525367808	1.4	3.0		20.0	408	A00002511	A00003533	0.0	A00000627	4.0	9.85	0.0
3779318279529562112	1.4	3.0		20.0	409	A00002513	A00002512	0.0	A00000666	4.0	9.85	0.0
3779318279537950720	1.4	4.0		20.0	410	A00002515	A00003534	0.0	A00000639	4.0	9.85	0.0
3779318279546339328	1.4	4.0		20.0	411	A00003535	A00003536	0.0	A00001046	4.0	9.85	0.0
3779318279550533632	1.4	2.0		20.0	412	A00002519	A00002518	0.0	A00000643	2.5	4.0	0.0
3779318279558922240	1.4	2.0		20.0	413	A00003537	A00003538	0.0	A00000646	2.5	3.8	0.0
3779318279563116544	1.4	2.0		20.0	414	A00003539	A00002522	0.0	A00000648	2.5	3.8	0.0
3779318279571505152	1.4	2.0		20.0	415	A00002525	A00003540	0.0	A00000651	2.5	3.8	0.0
3779318279575699456	1.4	2.0		20.0	416	A00003541	A00002527	0.0	A00002526	2.5	3.8	0.0
3779318279584088064	1.4	1.0		20.0	417	A00003542	A00003543	0.0	A00000600	2.5	6.0	0.0
3779318279592476672	1.4	1.0		20.0	418	A00002532	A00003544	0.0	A00000602	2.5	6.0	0.0
3779318279600865280	1.4	1.0		20.0	419	A00002534	A00003545	0.0	A00000664	2.5	6.0	0.0
3779318279609253888	1.4	1.0		20.0	420	A00003546	A00002535	0.0	A00001182	2.5	6.0	0.0
3779318279613448192	1.4	290.0		20.0	421	A00002538	A00003547	0.0	A00000512	2.5	6.0	0.0
3779318279621836800	1.4	86.0		20.0	422	A00003548	A00002539	0.0	A00000468	2.5	6.0	0.0
3779318279630225408	1.4	92.0		20.0	423	A00002543	A00002542	0.0	A00002541	2.5	6.0	0.0
3779318279634419712	1.4	137.0		20.0	424	A00002545	A00003549	0.0	A00000465	2.5	6.0	0.0
3779318279642808320	1.4	66.0		20.0	425	A00002547	A00002546	0.0	A00000505	2.5	6.0	0.0
3779318279647002624	1.4	66.0		20.0	426	A00003550	A00002549	0.0	A00002548	2.5	6.0	0.0
3779318279655391232	1.4	66.0		20.0	427	A00003551	A00003552	0.0	A00000503	2.5	6.0	0.0
3779318279663779840	1.4	91.0		20.0	428	A00003553	A00002553	0.0	A00000500	2.5	6.0	0.0
3779318279667974144	1.4	56.0		20.0	429	A00002556	A00003554	0.0	A00000474	2.5	6.0	0.0
3779318279676362752	1.4	64.0		20.0	430	A00002558	A00003555	0.0	A00000477	2.5	6.0	0.0
3779318279680557056	1.4	171.0		20.0	431	A00002560	A00002559	0.0	A00000472	2.5	6.0	0.0
3779318279688945664	1.4	810.0		20.0	432	A00003556	A00003557	0.0	A00002561	2.5	6.5	0.0
3779318279693139968	1.4	810.0		20.0	433	A00002565	A00003558	0.0	A00000470	2.5	6.5	0.0
3779318279701528576	1.4	810.0		20.0	434	A00002568	A00003559	0.0	A00002566	2.5	6.5	0.0
3779318279705722880	1.4	209.0		20.0	435	A00003560	A00002569	0.0	A00001430	2.5	6.5	0.0
3779318279714111488	1.4	810.0		20.0	436	A00003561	A00002572	0.0	A00002571	2.5	6.5	0.0
3779318279722500096	1.4	88.0		20.0	437	A00002575	A00002574	0.0	A00000463	1.5	6.0	0.0
3779318279730888704	1.4	21.0		20.0	438	A00003562	A00002576	0.0	A00000509	1.5	6.0	0.0
3779318279739277312	1.4	33.0		20.0	439	A00003563	A00003564	0.0	A00002578	2.5	6.0	0.0
3779318279747665920	1.4	30.0		20.0	440	A00003565	A00003566	0.0	A00000480	2.5	6.0	0.0
3779318279751860224	1.4	31.0		20.0	441	A00003567	A00003568	0.0	A00000484	2.5	6.0	0.0
3779318279760248832	1.4	25.0		20.0	442	A00002586	A00002585	0.0	A00000487	2.5	6.0	0.0
3779318279764443136	1.4	29.0		20.0	443	A00002588	A00003569	0.0	A00000489	2.5	6.0	0.0
3779318279772831744	1.4	38.0		20.0	444	A00003570	A00003571	0.0	A00000493	2.5	6.0	0.0
3779318279781220352	1.4	38.0		20.0	445	A00003572	A00003573	0.0	A00000498	2.5	6.0	0.0
3779318279785414656	1.4	21.0		20.0	446	A00002594	A00003574	0.0	A00000515	2.5	6.0	0.0
3779318279793803264	1.4	25.0		20.0	447	A00002596	A00002595	0.0	A00000507	2.5	6.0	0.0
3779318279802191872	1.4	26.0		20.0	448	A00003575	A00003576	0.0	A00002597	2.5	6.0	0.0
3779318279806386176	1.4	59.0		20.0	449	A00002601	A00003577	0.0	A00000517	2.5	6.0	0.0
3779318279814774784	1.4	60.0		20.0	450	A00002603	A00002602	0.0	A00000520	2.5	6.0	0.0
3779318279818969088	1.4	60.0		20.0	451	A00002605	A00002604	0.0	A00000526	2.5	6.0	0.0
3779318279827357696	1.4	60.0		20.0	452	A00003578	A00003579	0.0	A00002606	2.5	6.0	0.0
3779318279831552000	1.4	33.0		20.0	453	A00003580	A00003581	0.0	A00000528	2.5	6.0	0.0
3779318279839940608	1.4	59.0		20.0	454	A00002613	A00002612	0.0	A00002611	2.5	6.0	0.0
3779318279848329216	1.4	71.0		20.0	455	A00002615	A00003582	0.0	A00000531	4.0	9.85	0.0
3779318279852523520	1.4	85.0		20.0	456	A00003583	A00003584	0.0	A00000524	4.0	9.85	0.0
3779318279860912128	1.4	104.0		20.0	457	A00003585	A00003586	0.0	A00000522	4.0	9.85	0.0
3779318279865106432	1.4	185.0		20.0	458	A00003587	A00002620	0.0	A00000695	4.0	9.85	0.0
3779318279873495040	1.4	100.0		20.0	459	A00003588	A00003589	0.0	A00000692	4.0	9.85	0.0
3779318279881883648	1.4	44.0		20.0	460	A00002625	A00003590	0.0	A00000689	4.0	9.85	0.0
3779318279886077952	1.4	23.0		20.0	461	A00002628	A00003591	0.0	A00002626	4.0	9.85	0.0
3779318279894466560	1.4	23.0		20.0	462	A00003592	A00002630	0.0	A00002629	4.0	9.85	0.0
3779318279898660864	1.4	23.0		20.0	463	A00002633	A00003593	0.0	A00000078	4.0	9.85	0.0
3779318279907049472	1.4	23.0		20.0	464	A00002635	A00003594	0.0	A00000080	4.0	9.85	0.0
3779318279915438080	1.4	23.0		20.0	465	A00002637	A00002636	0.0	A00000082	4.0	9.85	0.0
3779318279919632384	1.4	23.0		20.0	466	A00002639	A00002638	0.0	A00000084	4.0	9.85	0.0
3779318279928020992	1.4	23.0		20.0	467	A00003595	A00003596	0.0	A00000086	4.0	9.85	0.0
3779318279932215296	1.4	23.0		20.0	468	A00002644	A00003597	0.0	A00002642	4.0	9.85	0.0
3779318279940603904	1.4	23.0		20.0	469	A00002647	A00002646	0.0	A00002645	4.0	9.85	0.0
3779318279948992512	1.4	23.0		20.0	470	A00002649	A00003598	0.0	A00000088	4.0	9.85	0.0
3779318279957381120	1.4	23.0		20.0	471	A00002652	A00002651	0.0	A00002650	4.0	9.85	0.0
3779318280011907072	1.4	1180.0		20.0	479	A00002672	A00003599	0.0	A00000145	4.0	9.85	0.0
3779318280016101376	1.4	1180.0		20.0	480	A00002675	A00002674	0.0	A00002673	2.5	6.0	0.0
3779318280028684288	1.4	1450.0		20.0	482	A00002679	A00003383	0.0	A00002678	4.0	9.85	0.0
3779318280037072896	1.4	1350.0		20.0	483	A00002681	A00002680	0.0	A00000143	4.0	9.85	0.0
3779318280045461504	1.4	42.0	A00002682	20.0	484	A00003600	A00003601	0.0	A00000401	2.5	6.0	0.0
3779318280049655808	1.4	33.0		20.0	485	A00003602	A00003603	0.0	A00002685	2.5	6.0	0.0
3779318280070627328	1.4	538.0	A00002695	20.0	488	A00002697	A00003604	0.0	A00001052	4.0	9.85	0.0
3779318280079015936	1.4	850.0		20.0	489	A00002700	A00003605	0.0	A00002698	4.0	9.85	0.0
3779318280087404544	1.4	373.0		20.0	490	A00003606	A00003607	0.0	A00001055	4.0	9.85	0.0
3779318280099987456	1.4	420.0		20.0	491	A00002705	A00002704	0.0	A00002703	4.0	9.85	0.0
3779318280108376064	1.4	400.0		20.0	492	A00002708	A00003608	0.0	A00002706	4.0	9.85	0.0
3779318280116764672	1.4	328.0	A00002710	20.0	493	A00002712	A00003609	0.0	A00002709	4.0	9.85	0.0
3779318280125153280	1.4	340.0		20.0	494	A00003610	A00002714	0.0	A00002713	4.0	9.85	0.0
3779318280129347584	1.4	1930.0		20.0	495	A00003611	A00002716	0.0	A00000242	4.0	9.85	0.0
3779318280137736192	1.4	1930.0		20.0	496	A00002719	A00002718	0.0	A00000244	4.0	9.85	0.0
3779318280146124800	1.4	2220.0		20.0	497	A00002721	A00003612	0.0	A00001166	4.0	9.85	0.0
3779318280150319104	1.4	2095.0		20.0	498	A00003613	A00002722	0.0	A00000237	4.0	9.85	0.0
3779318280158707712	1.4	2095.0		20.0	499	A00003614	A00003615	0.0	A00000240	4.0	9.85	0.0
3779318280162902016	1.4	1644.0		20.0	500	A00002727	A00002726	0.0	A00001163	4.0	9.85	0.0
3779318280171290624	1.4	1810.0		20.0	501	A00003616	A00003617	0.0	A00001145	4.0	9.85	0.0
3779318280179679232	1.4	1644.0		20.0	502	A00002731	A00003618	0.0	A00001161	4.0	9.85	0.0
3779318280188067840	1.4	1925.0		20.0	503	A00002733	A00003619	0.0	A00001147	1.0	6.0	0.0
3779318280196456448	1.4	1925.0		20.0	504	A00003620	A00002735	0.0	A00002734	1.0	6.0	0.0
3779318280204845056	1.4	1925.0		20.0	505	A00003621	A00003622	0.0	A00001149	1.0	6.0	0.0
3779318280209039360	1.4	1664.0		20.0	506	A00003623	A00002739	0.0	A00001170	1.0	6.0	0.0
3779318280217427968	1.4	1820.0		20.0	507	A00003624	A00003625	0.0	A00001049	4.0	9.85	0.0
3779318280225816576	1.4	1670.0		20.0	508	A00003626	A00002743	0.0	A00001136	4.0	9.85	0.0
3779318280230010880	1.4	1820.0		20.0	509	A00002746	A00003627	0.0	A00001159	4.0	9.85	0.0
3779318280238399488	1.4	2030.0		20.0	510	A00002748	A00002747	0.0	A00001138	0.5	6.0	0.0
3779318280246788096	1.4	1840.0	A00002749	20.0	511	A00002751	A00003628	0.0	A00001157	4.0	9.85	0.0
3779318280255176704	1.4	1190.0		20.0	512	A00003629	A00002752	0.0	A00001155	4.0	9.85	0.0
3779318280259371008	1.4	1670.0		20.0	513	A00002755	A00002754	0.0	A00001153	4.0	9.85	0.0
3779318280267759616	1.4	750.0		20.0	514	A00002757	A00003630	0.0	A00001150	4.0	9.85	0.0
3779318280271953920	1.4	1670.0		20.0	515	A00002759	A00003631	0.0	A00001151	4.0	9.85	0.0
3779318280280342528	1.4	238.0	A00002760	20.0	516	A00003632	A00003633	0.0	A00001061	4.0	9.85	0.0
3779318280284536832	1.4	897.0	A00002763	20.0	517	A00003634	A00002764	0.0	A00000252	4.0	9.85	0.0
3779318280292925440	1.4	420.0		20.0	518	A00002768	A00003635	0.0	A00002766	4.0	9.85	0.0
3779318280301314048	1.4	420.0		20.0	519	A00003636	A00002770	0.0	A00002769	4.0	9.85	0.0
3779318280309702656	1.4	660.0		20.0	520	A00003637	A00002772	0.0	A00000248	4.0	9.85	0.0
3779318280318091264	1.4	660.0		20.0	521	A00003638	A00002774	0.0	A00000250	4.0	9.85	0.0
3779318280326479872	1.4	1442.0		20.0	522	A00003639	A00002776	0.0	A00000246	4.0	9.85	0.0
3779318280330674176	1.4	1250.0		20.0	523	A00003640	A00002778	0.0	A00000263	4.0	9.85	0.0
3779318280339062784	1.4	1257.0		20.0	524	A00002781	A00002780	0.0	A00000257	4.0	9.85	0.0
3779318280347451392	1.4	1250.0		20.0	525	A00002783	A00002782	0.0	A00000259	4.0	9.85	0.0
3779318280351645696	1.4	1250.0		20.0	526	A00003641	A00002785	0.0	A00002784	4.0	9.85	0.0
3779318280360034304	1.4	1200.0		20.0	527	A00002788	A00003642	0.0	A00000255	4.0	9.85	0.0
3779318280364228608	1.4	345.0		20.0	528	A00003643	A00003644	0.0	A00001057	4.0	9.85	0.0
3779318280372617216	1.4	345.0		20.0	529	A00002793	A00002792	0.0	A00002791	4.0	9.85	0.0
3779318280381005824	1.4	315.0		20.0	530	A00003645	A00002794	0.0	A00001184	4.0	9.85	0.0
3779318280385200128	1.4	330.0		20.0	531	A00003646	A00002797	0.0	A00002796	4.0	9.85	0.0
3779318280389394432	1.4	280.0		20.0	532	A00003647	A00002799	0.0	A00001059	4.0	9.85	0.0
3779318280397783040	1.4	310.0		20.0	533	A00002803	A00002802	0.0	A00002801	4.0	9.85	0.0
3779318280406171648	1.4	290.0		20.0	534	A00002806	A00002805	0.0	A00002804	4.0	9.85	0.0
3779318280431337472	1.4	2030.0		20.0	538	A00002814	A00003648	0.0	A00001141	0.5	6.0	0.0
3779318280439726080	1.4	2030.0		20.0	539	A00003649	A00002815	0.0	A00001143	0.5	6.0	0.0
3779318280448114688	1.4	2370.0		20.0	540	A00002818	A00002817	0.0	A00001168	0.5	6.0	0.0
3779318280456503296	1.4	1240.0		20.0	541	A00002820	A00003650	0.0	A00000234	4.0	9.85	0.0
3779318280464891904	1.4	850.0		20.0	542	A00003651	A00002821	0.0	A00000261	1.0	9.8	0.0
3779318280469086208	1.4	1106.0	A00002824	20.0	543	A00003652	A00003653	0.0	A00002823	4.0	9.85	0.0
3779318280477474816	1.4	1106.0		20.0	544	A00003654	A00002828	0.0	A00002827	4.0	9.85	0.0
3779318280485863424	1.4	235.0		20.0	545	A00003655	A00002830	0.0	A00000214	4.0	9.85	0.0
3779318280490057728	1.4	146.0		20.0	546	A00002834	A00003656	0.0	A00002832	4.0	9.85	0.0
3779318280498446336	1.4	135.0		20.0	547	A00003657	A00003658	0.0	A00000208	1.0	6.0	0.0
3779318280506834944	1.4	363.0		20.0	548	A00002838	A00003659	0.0	A00000216	4.0	9.85	0.0
3779318280511029248	1.4	85.0	A00002839	20.0	549	A00003660	A00003661	0.0	A00000194	4.0	9.85	0.0
3779318280519417856	1.4	85.0		20.0	550	A00002843	A00003662	0.0	A00000220	1.0	6.0	0.0
3779318280523612160	1.4	24.0		20.0	551	A00003663	A00003664	0.0	A00000200	4.0	9.85	0.0
3779318280532000768	1.4	56.0		20.0	552	A00003665	A00003666	0.0	A00001456	1.0	9.8	0.0
3779318280536195072	1.4	20.0		20.0	553	A00002849	A00003667	0.0	A00000212	1.0	9.8	0.0
3779318280544583680	1.4	20.0		20.0	554	A00002851	A00002850	0.0	A00000227	1.0	9.8	0.0
3779318280548777984	1.4	15.0		20.0	555	A00003668	A00003669	0.0	A00000230	1.0	6.0	0.0
3779318280557166592	1.4	24.0		20.0	556	A00003670	A00003671	0.0	A00000203	1.0	6.0	0.0
3779318280565555200	1.4	24.0		20.0	557	A00002857	A00002856	0.0	A00000205	1.0	6.0	0.0
3779318280569749504	1.4	24.0		20.0	558	A00003672	A00003673	0.0	A00000207	1.0	6.0	0.0
3779318280578138112	1.4	24.0		20.0	559	A00002861	A00003674	0.0	A00000222	1.0	6.0	0.0
3779318280582332416	1.4	155.0		20.0	560	A00002863	A00002862	0.0	A00000224	1.0	6.0	0.0
3779318280590721024	1.4	166.0		20.0	561	A00003675	A00003676	0.0	A00002864	1.0	6.0	0.0
3779318280594915328	1.4	166.0		20.0	562	A00003677	A00003678	0.0	A00000210	1.0	6.0	0.0
3779318280603303936	1.4	14.0		20.0	563	A00003679	A00002870	0.0	A00002869	4.0	9.85	0.0
3779318280607498240	1.4	22.0		20.0	564	A00003680	A00003681	0.0	A00000192	4.0	9.85	0.0
3779318280615886848	1.4	14.0		20.0	565	A00003682	A00003683	0.0	A00000218	1.0	6.0	0.0
3779318280620081152	1.4	14.0		20.0	566	A00003684	A00002876	0.0	A00000196	1.0	6.0	0.0
3779318280624275456	1.4	14.0		20.0	567	A00003685	A00003686	0.0	A00000198	1.0	6.0	0.0
3779318280632664064	1.4	16.0		20.0	568	A00003687	A00002880	0.0	A00000179	4.0	9.85	0.0
3779318280636858368	1.4	21.0		20.0	569	A00003688	A00003689	0.0	A00000173	4.0	9.85	0.0
3779318280645246976	1.4	18.0		20.0	570	A00003690	A00002884	0.0	A00000175	4.0	9.85	0.0
3779318280653635584	1.4	4.0		20.0	571	A00003691	A00002886	0.0	A00000185	4.0	9.85	0.0
3779318280657829888	1.4	4.0		20.0	572	A00002889	A00003692	0.0	A00000188	4.0	9.85	0.0
3779318280666218496	1.4	69.0		20.0	573	A00002891	A00002890	0.0	A00000190	4.0	9.85	0.0
3779318280670412800	1.4	15.0		20.0	574	A00003693	A00002892	0.0	A00001082	4.0	9.85	0.0
3779318280678801408	1.4	8.0		20.0	575	A00002895	A00002894	0.0	A00001084	2.5	6.5	0.0
3779318281018540032	1.4	23.0		20.0	626	A00003013	A00003012	0.0	A00003011	4.0	9.85	0.0
3779318281022734336	1.4	13.0		20.0	627	A00003694	A00003695	0.0	A00000017	4.0	9.85	0.0
3779318281039511552	1.4	0.0		20.0	629	A00003452	A00003019	0.0	A00001298	4.0	9.85	0.0
3779318281047900160	1.4	0.0		20.0	630	A00003022	A00003021	0.0	A00001441	4.0	9.85	0.0
3779318281052094464	1.4	0.0		20.0	631	A00003453	A00003023	0.0	A00001289	4.0	9.85	0.0
3779318281060483072	1.4	0.0		20.0	632	A00003026	A00003025	0.0	A00001310	4.0	9.85	0.0
3779318281064677376	1.4	0.0		20.0	633	A00003028	A00003454	0.0	A00001283	4.0	9.85	0.0
3779318281073065984	1.4	0.0		20.0	634	A00003030	A00003029	0.0	A00001276	4.0	9.85	0.0
3779318281077260288	1.4	0.0		20.0	635	A00003032	A00003455	0.0	A00001267	4.0	9.85	0.0
3779318281085648896	1.4	0.0		20.0	636	A00003034	A00003033	0.0	A00001313	4.0	9.85	0.0
dummy_1	1.0	1475.0	#N/A		-1	A00003443	A00003383		dummy_1	4.0	9.85		#N/A
dummy_2	1.0	177.5	#N/A		-1	A00003444	A00003445		dummy_2	4.0	9.85		#N/A
dummy_3	1.0	141.5	#N/A		-1	A00003446	A00003447		dummy_3	4.0	9.85		#N/A
dummy_4	1.0	95.5	#N/A		-1	A00003448	A00003449		dummy_4	4.0	9.85		#N/A
dummy_5	1.0	88.5	#N/A		-1	A00003450	A00003451		dummy_5	4.0	9.85		#N/A
