capacity	code	dest	dest_idx	dest_name	diameter	efficiency	heat_para	idx	is_valve	length	lower_capacity	lower_pressure_warning	lower_temp_warning	max_pressure	name	ori	ori_idx	ori_name	resistance_para	roughness	sub_division	temp	thickness	unit_operation_cost	unit_price	upper_capacity	upper_pressure_warning	upper_temp_warning	valve_end	('max_pressure',)
2857.14	3779318281303752704	3779318281018540032	626	A00003011	1182.2	100.0	1.48	1		1.0	-2857.142857	4.0	-10.0	10.0	GDGN0634	3779318279340818432	381	A00000679	1.0	0.01	0.0	12.0	18.4	0.6813	2.189	2857.142857	9.85	50.0
4285.71	3779318281467330560	3779318280653635584	571	A00000185	996.0	100.0	1.42	52		163.0	-4285.714286	4.0	5.0	10.0	GDGN0328	3779318279361789952	384	A00000169	1.0	0.01	0.0	17.0	10.0	0.6813	2.189	4285.714286	9.85	50.0
4285.71	3779318281471524864	3779318280657829888	572	A00000188	996.0	100.0	1.42	53		11.95	-4285.714286	4.0	5.0	10.0	GDGN0329	3779318280653635584	571	A00000185	1.0	0.01	0.0	17.0	10.0	0.6813	2.189	4285.714286	9.85	50.0
4285.71	3779318281471524865	3779318280666218496	573	A00000190	996.0	100.0	1.42	54		35.4	-4285.714286	4.0	5.0	10.0	GDGN0330	3779318280657829888	572	A00000188	1.0	0.01	0.0	17.0	10.0	0.6813	2.189	4285.714286	9.85	50.0
2285.71	3779318281475719168	3779318280670412800	574	A00001082	898.0	100.0	1.42	55		62.0	-2285.714286	4.0	5.0	10.0	GDGN0331	3779318280666218496	573	A00000190	1.0	0.01	0.0	17.0	8.0	0.6813	2.189	2285.714286	9.85	50.0
342.85	3779318281479913472	3779318280678801408	575	A00001084	797.0	100.0	1.42	56		21.0	-342.857143	4.0	5.0	6.3	GDGN0347	3779318280670412800	574	A00001082	1.0	0.01	0.0	17.0	8.0	0.6813	2.189	342.857143	9.85	50.0
2857.14	3779318281484107776	3779318280511029248	549	A00000194	963.6	100.0	1.4	57		1.0	-2857.142857	4.0	5.0	10.0	GDGN0210	3779318280607498240	564	A00000192	1.0	0.01	0.0	15.0	26.2	6.0048	3.5688	2857.142857	9.85	50.0
2857.14	3779318281488302080	3779318280607498240	564	A00000192	963.6	100.0	1.4	58		198.0	-2857.142857	4.0	5.0	10.0	GDGN0209	3779318280603303936	563	A00002869	1.0	0.01	0.0	15.0	26.2	6.0048	3.5688	2857.142857	9.85	50.0
253.14	3779318281492496384	3779318280620081152	566	A00000196	385.4	100.0	1.75	59	A00003053	15.9	-253.142857	1.0	5.0	6.3	GDGN0212	3779318280603303936	563	A00002869	1.0	0.03	0.0	22.0	10.3	6.0048	3.5688	253.142857	6.0	50.0	0.0
253.14	3779318281496690688	3779318280624275456	567	A00000198	385.4	100.0	1.75	60		31.4	-253.142857	1.0	5.0	6.3	GDGN0213	3779318280620081152	566	A00000196	1.0	0.03	0.0	22.0	10.3	6.0048	3.5688	253.142857	6.0	50.0
253.14	3779318281500884992	3779318280615886848	565	A00000218	385.4	100.0	1.75	61		166.0	-253.142857	1.0	5.0	6.3	GDGN0214	3779318280624275456	567	A00000198	1.0	0.03	0.0	22.0	10.3	6.0048	3.5688	253.142857	6.0	50.0
2571.42	3779318281500884993	3779318280603303936	563	A00002869	963.6	100.0	1.4	62		215.0	-2571.428571	4.0	5.0	10.0	GDGN0208	3779318280632664064	568	A00000179	1.0	0.01	0.0	15.0	26.2	6.0048	3.5688	2571.428571	9.85	50.0
2571.42	3779318281505079296	3779318280632664064	568	A00000179	963.6	100.0	1.4	63		1.0	-2571.428571	4.0	5.0	10.0	GDGN0207	3779318280645246976	570	A00000175	1.0	0.01	0.0	15.0	26.2	6.0048	3.5688	2571.428571	9.85	50.0
2571.42	3779318281509273600	3779318280645246976	570	A00000175	963.6	100.0	1.4	64		69.0	-2571.428571	4.0	5.0	10.0	GDGN0206	3779318280636858368	569	A00000173	1.0	0.01	0.0	15.0	26.2	6.0048	3.5688	2571.428571	9.85	50.0
2571.42	3779318281509273601	3779318280636858368	569	A00000173	963.6	100.0	1.4	65		21.0	-2571.428571	4.0	5.0	10.0	GDGN0205	3779318279361789952	384	A00000169	1.0	0.01	0.0	15.0	26.2	6.0048	3.5688	2571.428571	9.85	50.0
208.57	3779318281513467904	3779318280594915328	562	A00000210	441.0	100.0	1.75	66		46.22	-208.571429	1.0	5.0	6.3	GDGN0506	3779318280498446336	547	A00000208	1.0	0.03	0.0	22.0	8.0	0.9217	3.7018	208.571429	6.0	50.0
208.57	3779318281517662208	3779318280590721024	561	A00002864	441.0	100.0	1.75	67		89.42	-208.571429	1.0	5.0	6.3	GDGN0507	3779318280594915328	562	A00000210	1.0	0.03	0.0	22.0	8.0	0.9217	3.7018	208.571429	6.0	50.0
208.57	3779318281521856512	3779318280582332416	560	A00000224	445.0	100.0	1.75	68		22.45	-208.571429	1.0	5.0	6.3	GDGN0508	3779318280590721024	561	A00002864	1.0	0.03	0.0	22.0	6.0	0.9217	3.7018	208.571429	6.0	50.0
3628.57	3779318281521856513	3779318280511029248	549	A00000194	1000.0	100.0	1.75	69		74.6	-3628.571429	4.0	5.0	10.0	GDGN0541	3779318280506834944	548	A00000216	1.0	0.01	0.0	12.0	8.0	0.9217	3.7018	3628.571429	9.85	50.0
211.71	3779318281526050816	3779318280519417856	550	A00000220	442.8	100.0	1.75	70	A00003054	113.0	-211.714286	1.0	5.0	6.3	GDGN0215	3779318280511029248	549	A00000194	1.0	0.03	0.0	22.0	7.1	6.0048	3.5688	211.714286	6.0	50.0	0.0
2857.14	3779318281530245120	3779318280523612160	551	A00000200	997.0	100.0	1.4	71		137.0	-2857.142857	4.0	5.0	10.0	GDGN0211	3779318280511029248	549	A00000194	1.0	0.01	0.0	15.0	9.5	6.0048	3.5688	2857.142857	9.85	50.0
483.14	3779318281530245121	3779318280557166592	556	A00000203	407.0	100.0	1.75	72	A00003055	57.0	-483.14285700000005	1.0	5.0	6.3	GDGN0216	3779318280523612160	551	A00000200	1.0	0.03	0.0	22.0	25.0	6.0048	3.5688	483.14285700000005	6.0	50.0	0.0
2400.0	3779318281534439424	3779318280532000768	552	A00001456	801.0	100.0	1.75	73		81.86	-2400.0	1.0	5.0	10.0	GDGN0514	3779318280523612160	551	A00000200	1.0	0.03	0.0	22.0	6.0	0.9217	3.7018	2400.0	9.8	50.0
2400.0	3779318281538633728	3779318280536195072	553	A00000212	801.0	100.0	1.75	74		37.46	-2400.0	1.0	5.0	10.0	GDGN0515	3779318280532000768	552	A00001456	1.0	0.03	0.0	22.0	6.0	0.9217	3.7018	2400.0	9.8	50.0
2400.0	3779318281542828032	3779318280544583680	554	A00000227	801.0	100.0	1.75	75		22.93	-2400.0	1.0	5.0	10.0	GDGN0516	3779318280536195072	553	A00000212	1.0	0.03	0.0	22.0	6.0	0.9217	3.7018	2400.0	9.8	50.0
68.85	3779318281542828033	3779318280548777984	555	A00000230	797.0	100.0	1.75	76	A00003056	65.2	-68.85714300000001	1.0	5.0	6.3	GDGN0542	3779318280532000768	552	A00001456	1.0	0.03	0.0	22.0	8.0	0.9217	3.7018	68.85714300000001	6.0	50.0	0.0
483.14	3779318281547022336	3779318280565555200	557	A00000205	407.0	100.0	1.75	77		1.0	-483.14285700000005	1.0	5.0	6.3	GDGN0217	3779318280557166592	556	A00000203	1.0	0.03	0.0	22.0	25.0	6.0048	3.5688	483.14285700000005	6.0	50.0
483.14	3779318281551216640	3779318280569749504	558	A00000207	415.0	100.0	1.75	78		1.0	-483.14285700000005	1.0	5.0	6.3	GDGN0218	3779318280565555200	557	A00000205	1.0	0.03	0.0	22.0	21.0	6.0048	3.5688	483.14285700000005	6.0	50.0
483.14	3779318281551216641	3779318280578138112	559	A00000222	415.0	100.0	1.75	79		1.0	-483.14285700000005	1.0	5.0	6.3	GDGN0219	3779318280569749504	558	A00000207	1.0	0.03	0.0	22.0	21.0	6.0048	3.5688	483.14285700000005	6.0	50.0
3628.57	3779318281555410944	3779318280456503296	541	A00000234	1004.0	100.0	1.75	80		112.18	-3628.571429	4.0	5.0	10.0	GDGN0536	3779318280326479872	522	A00000246	1.0	0.01	0.0	22.0	6.0	0.9217	3.7018	3628.571429	9.85	50.0
70.85	3779318281559605248	3779318280464891904	542	A00000261	303.0	100.0	1.75	81		34.2	-70.85714300000001	1.0	5.0	10.0	GDGN0504	3779318280456503296	541	A00000234	1.0	0.03	0.0	17.0	10.0	0.9217	3.7018	70.85714300000001	9.85	50.0
3628.57	3779318281563799552	3779318280469086208	543	A00002823	1000.0	100.0	1.75	82		218.56	-3628.571429	4.0	5.0	10.0	GDGN0537	3779318280456503296	541	A00000234	1.0	0.01	0.0	22.0	8.0	0.9217	3.7018	3628.571429	9.85	50.0
22.85	3779318281563799553	3779318280477474816	544	A00002827	203.0	100.0	1.75	83	A00003057	23.73	-22.857143	4.0	5.0	6.3	GDGN0509	3779318280469086208	543	A00002823	1.0	0.01	0.0	22.0	8.0	0.9217	3.7018	22.857143	9.85	50.0	0.0
3628.57	3779318281567993856	3779318280485863424	545	A00000214	1000.0	100.0	1.75	84		49.4	-3628.571429	4.0	5.0	10.0	GDGN0538	3779318280469086208	543	A00002823	1.0	0.01	0.0	22.0	8.0	0.9217	3.7018	3628.571429	9.85	50.0
3628.57	3779318281572188160	3779318280490057728	546	A00002832	1000.0	100.0	1.75	85		44.6	-3628.571429	4.0	5.0	10.0	GDGN0539	3779318280485863424	545	A00000214	1.0	0.01	0.0	22.0	8.0	0.9217	3.7018	3628.571429	9.85	50.0
208.57	3779318281572188161	3779318280498446336	547	A00000208	441.0	100.0	1.75	86	A00003058	44.18	-208.571429	1.0	5.0	6.3	GDGN0505	3779318280490057728	546	A00002832	1.0	0.03	0.0	22.0	8.0	0.9217	3.7018	208.571429	6.0	50.0	0.0
3628.57	3779318281576382464	3779318280506834944	548	A00000216	1000.0	100.0	1.75	87		78.7	-3628.571429	4.0	5.0	10.0	GDGN0540	3779318280490057728	546	A00002832	1.0	0.01	0.0	22.0	8.0	0.9217	3.7018	3628.571429	9.85	50.0
44.57	3779318281580576768	3779318280431337472	538	A00001141	205.0	100.0	1.75	88		14.11	-44.571428999999995	0.5	5.0	6.3	GDGN0511	3779318280238399488	510	A00001138	1.0	0.03	0.0	17.0	7.0	0.9217	3.7018	44.571428999999995	6.0	50.0
44.57	3779318281580576769	3779318280439726080	539	A00001143	205.0	100.0	1.75	89		93.97	-44.571428999999995	0.5	5.0	6.3	GDGN0512	3779318280431337472	538	A00001141	1.0	0.03	0.0	17.0	7.0	0.9217	3.7018	44.571428999999995	6.0	50.0
44.57	3779318281584771072	3779318280448114688	540	A00001168	205.0	100.0	1.75	90		41.15	-44.571428999999995	0.5	5.0	6.3	GDGN0513	3779318280439726080	539	A00001143	1.0	0.03	0.0	17.0	7.0	0.9217	3.7018	44.571428999999995	6.0	50.0
4285.71	3779318281597353984	3779318280372617216	529	A00002791	982.0	100.0	1.4	94		22.8	-4285.714286	4.0	5.0	10.0	GDGN0562	3779318280116764672	493	A00002709	1.0	0.01	0.0	12.0	17.0	1.4903	3.5688	4285.714286	9.85	50.0
4285.71	3779318281597353985	3779318280364228608	528	A00001057	982.0	100.0	1.4	95		23.5	-4285.714286	4.0	5.0	10.0	GDGN0563	3779318280372617216	529	A00002791	1.0	0.01	0.0	12.0	17.0	1.4903	3.5688	4285.714286	9.85	50.0
4285.71	3779318281601548288	3779318280385200128	531	A00002796	982.0	100.0	1.4	96		27.1	-4285.714286	4.0	5.0	10.0	GDGN0564	3779318280364228608	528	A00001057	1.0	0.01	0.0	12.0	17.0	1.4903	3.5688	4285.714286	9.85	50.0
4285.71	3779318281605742592	3779318280381005824	530	A00001184	982.0	100.0	1.4	97		38.2	-4285.714286	4.0	5.0	10.0	GDGN0565	3779318280385200128	531	A00002796	1.0	0.01	0.0	12.0	17.0	1.4903	3.5688	4285.714286	9.85	50.0
4285.71	3779318281609936896	3779318280397783040	533	A00002801	982.0	100.0	1.4	98		21.7	-4285.714286	4.0	5.0	10.0	GDGN0566	3779318280381005824	530	A00001184	1.0	0.01	0.0	12.0	17.0	1.4903	3.5688	4285.714286	9.85	50.0
4285.71	3779318281609936897	3779318280406171648	534	A00002804	1002.0	100.0	1.4	99		21.2	-4285.714286	4.0	5.0	10.0	GDGN0567	3779318280397783040	533	A00002801	1.0	0.01	0.0	12.0	7.0	1.4903	3.5688	4285.714286	9.85	50.0
4285.71	3779318281614131200	3779318280389394432	532	A00001059	1002.0	100.0	1.4	100		34.8	-4285.714286	4.0	5.0	10.0	GDGN0568	3779318280406171648	534	A00002804	1.0	0.01	0.0	12.0	7.0	1.4903	3.5688	4285.714286	9.85	50.0
4285.71	3779318281618325504	3779318280280342528	516	A00001061	1000.0	100.0	1.4	101		46.5	-4285.714286	4.0	5.0	10.0	GDGN0569	3779318280389394432	532	A00001059	1.0	0.01	0.0	12.0	8.0	1.4903	3.5688	4285.714286	9.85	50.0
4285.71	3779318281618325505	3779318280292925440	518	A00002766	992.0	100.0	1.4	102	A00003060	37.1	-4285.714286	4.0	5.0	10.0	GDGN0570	3779318280280342528	516	A00001061	1.0	0.01	0.0	12.0	12.0	1.4903	3.5688	4285.714286	9.85	50.0	0.0
4285.71	3779318281622519808	3779318280301314048	519	A00002769	992.0	100.0	1.4	103		55.3	-4285.714286	4.0	5.0	10.0	GDGN0571	3779318280292925440	518	A00002766	1.0	0.01	0.0	12.0	12.0	1.4903	3.5688	4285.714286	9.85	50.0
4285.71	3779318281626714112	3779318280309702656	520	A00000248	996.0	100.0	1.4	104		58.7	-4285.714286	4.0	5.0	10.0	GDGN0572	3779318280301314048	519	A00002769	1.0	0.01	0.0	12.0	10.0	1.4903	3.5688	4285.714286	9.85	50.0
4285.71	3779318281626714113	3779318280318091264	521	A00000250	996.0	100.0	1.4	105		1.0	-4285.714286	4.0	5.0	10.0	GDGN0573	3779318280309702656	520	A00000248	1.0	0.01	0.0	12.0	10.0	1.4903	3.5688	4285.714286	9.85	50.0
4285.71	3779318281630908416	3779318280284536832	517	A00000252	996.0	100.0	1.4	106		11.9	-4285.714286	4.0	5.0	10.0	GDGN0574	3779318280318091264	521	A00000250	1.0	0.01	0.0	12.0	10.0	1.4903	3.5688	4285.714286	9.85	50.0
4285.71	3779318281635102720	3779318280360034304	527	A00000255	960.0	100.0	1.4	107		1.0	-4285.714286	4.0	5.0	10.0	GDGN0575	3779318280284536832	517	A00000252	1.0	0.01	0.0	14.0	28.0	1.4903	3.5688	4285.714286	9.85	50.0
4285.71	3779318281635102721	3779318280339062784	524	A00000257	960.0	100.0	1.4	108		9.1	-4285.714286	4.0	5.0	10.0	GDGN0576	3779318280360034304	527	A00000255	1.0	0.01	0.0	14.0	28.0	1.4903	3.5688	4285.714286	9.85	50.0
4285.71	3779318281639297024	3779318280347451392	525	A00000259	960.0	100.0	1.4	109		21.1	-4285.714286	4.0	5.0	10.0	GDGN0577	3779318280339062784	524	A00000257	1.0	0.01	0.0	14.0	28.0	1.4903	3.5688	4285.714286	9.85	50.0
4285.71	3779318281643491328	3779318280351645696	526	A00002784	960.0	100.0	1.4	110		22.5	-4285.714286	4.0	5.0	10.0	GDGN0578	3779318280347451392	525	A00000259	1.0	0.01	0.0	14.0	28.0	1.4903	3.5688	4285.714286	9.85	50.0
4285.71	3779318281647685632	3779318280330674176	523	A00000263	960.0	100.0	1.4	111		12.8	-4285.714286	4.0	5.0	10.0	GDGN0579	3779318280351645696	526	A00002784	1.0	0.01	0.0	14.0	28.0	1.4903	3.5688	4285.714286	9.85	50.0
4285.71	3779318281647685633	3779318280330674176	523	A00000263	307.9	100.0	1.75	112		1.0	-4285.714286	4.0	5.0	10.0	GDGN0640	3779318280326479872	522	A00000246	1.0	0.01	0.0	17.0	8.0	0.9217	3.5688	4285.714286	9.85	50.0
2857.14	3779318281651879936	3779318280271953920	515	A00001151	981.0	100.0	1.75	113		55.2	0.0	4.0	5.0	10.0	GDGN0520	3779318280267759616	514	A00001150	1.0	0.01	0.0	24.0	17.5	0.9217	3.7018	2857.142857	9.85	50.0
2857.14	3779318281656074240	3779318280259371008	513	A00001153	981.0	100.0	1.75	114		49.5	0.0	4.0	5.0	10.0	GDGN0521	3779318280271953920	515	A00001151	1.0	0.01	0.0	24.0	17.5	0.9217	3.7018	2857.142857	9.85	50.0
2857.14	3779318281656074241	3779318280255176704	512	A00001155	981.0	100.0	1.75	115		46.9	0.0	4.0	5.0	10.0	GDGN0522	3779318280259371008	513	A00001153	1.0	0.01	0.0	24.0	17.5	0.9217	3.7018	2857.142857	9.85	50.0
2857.14	3779318281660268544	3779318280246788096	511	A00001157	981.0	100.0	1.75	116		93.4	0.0	4.0	5.0	10.0	GDGN0523	3779318280255176704	512	A00001155	1.0	0.01	0.0	24.0	17.5	0.9217	3.7018	2857.142857	9.85	50.0
2857.14	3779318281664462848	3779318280225816576	508	A00001136	981.0	100.0	1.75	117		132.7	0.0	4.0	5.0	10.0	GDGN0524	3779318280246788096	511	A00001157	1.0	0.01	0.0	17.0	17.5	0.9217	3.7018	2857.142857	9.85	50.0
44.57	3779318281668657152	3779318280238399488	510	A00001138	199.0	100.0	1.75	118	A00003061	14.11	-44.571428999999995	0.5	5.0	6.3	GDGN0510	3779318280225816576	508	A00001136	1.0	0.03	0.0	17.0	10.0	0.9217	3.7018	44.571428999999995	6.0	50.0	0.0
2857.14	3779318281668657153	3779318280230010880	509	A00001159	981.0	100.0	1.75	119		115.9	0.0	4.0	5.0	10.0	GDGN0525	3779318280225816576	508	A00001136	1.0	0.01	0.0	17.0	17.5	0.9217	3.7018	2857.142857	9.85	50.0
2857.14	3779318281672851456	3779318280217427968	507	A00001049	981.0	100.0	1.75	120		44.1	0.0	4.0	5.0	10.0	GDGN0526	3779318280230010880	509	A00001159	1.0	0.01	0.0	17.0	17.5	0.9217	3.7018	2857.142857	9.85	50.0
2857.14	3779318281677045760	3779318280171290624	501	A00001145	981.0	100.0	1.75	121	A00003062	49.2	0.0	4.0	5.0	10.0	GDGN0527	3779318280217427968	507	A00001049	1.0	0.01	0.0	17.0	17.5	0.9217	3.7018	2857.142857	9.85	50.0	0.0
3628.57	3779318281677045761	3779318280179679232	502	A00001161	1002.0	100.0	1.75	122		63.7	0.0	4.0	5.0	10.0	GDGN0528	3779318280171290624	501	A00001145	1.0	0.01	0.0	17.0	7.0	0.9217	3.7018	3628.571429	9.85	50.0
3628.57	3779318281681240064	3779318280162902016	500	A00001163	1002.0	100.0	1.75	123		78.8	0.0	4.0	5.0	10.0	GDGN0529	3779318280179679232	502	A00001161	1.0	0.01	0.0	17.0	7.0	0.9217	3.7018	3628.571429	9.85	50.0
3628.57	3779318281685434368	3779318280146124800	497	A00001166	1002.0	100.0	1.75	124		61.1	0.0	4.0	5.0	10.0	GDGN0530	3779318280162902016	500	A00001163	1.0	0.01	0.0	17.0	7.0	0.9217	3.7018	3628.571429	9.85	50.0
3628.57	3779318281689628672	3779318280150319104	498	A00000237	996.0	100.0	1.75	125		159.72	0.0	4.0	5.0	10.0	GDGN0531	3779318280146124800	497	A00001166	1.0	0.01	0.0	17.0	10.0	0.9217	3.7018	3628.571429	9.85	50.0
3628.57	3779318281689628673	3779318280158707712	499	A00000240	996.0	100.0	1.75	126		81.62	0.0	4.0	5.0	10.0	GDGN0532	3779318280150319104	498	A00000237	1.0	0.01	0.0	17.0	10.0	0.9217	3.7018	3628.571429	9.85	50.0
3628.57	3779318281698017280	3779318280129347584	495	A00000242	1000.0	100.0	1.75	127		41.13	0.0	4.0	5.0	10.0	GDGN0533	3779318280158707712	499	A00000240	1.0	0.01	0.0	17.0	8.0	0.9217	3.7018	3628.571429	9.85	50.0
3628.57	3779318281702211584	3779318280137736192	496	A00000244	1000.0	100.0	1.75	128		42.92	0.0	4.0	5.0	10.0	GDGN0534	3779318280129347584	495	A00000242	1.0	0.01	0.0	17.0	8.0	0.9217	3.7018	3628.571429	9.85	50.0
3628.57	3779318281706405888	3779318280326479872	522	A00000246	1000.0	100.0	1.75	129		35.18	0.0	4.0	5.0	10.0	GDGN0535	3779318280137736192	496	A00000244	1.0	0.01	0.0	17.0	8.0	0.9217	3.7018	3628.571429	9.85	50.0
433.71	3779318281710600192	3779318280196456448	504	A00002734	799.0	100.0	1.75	130	A00003063	42.78	-433.714286	1.0	5.0	6.3	GDGN0517	3779318280171290624	501	A00001145	1.0	0.03	0.0	17.0	7.0	0.9217	3.7018	433.714286	6.0	50.0	0.0
433.71	3779318281710600193	3779318280188067840	503	A00001147	259.0	100.0	1.75	131		1.0	-433.714286	1.0	5.0	6.3	GDGN0648	3779318280196456448	504	A00002734	1.0	0.03	0.0	17.0	7.0	0.9217	3.5688	433.714286	6.0	50.0
433.71	3779318281714794496	3779318280204845056	505	A00001149	801.0	100.0	1.75	132		45.99	-433.714286	1.0	5.0	6.3	GDGN0518	3779318280188067840	503	A00001147	1.0	0.03	0.0	17.0	6.0	0.9217	3.7018	433.714286	6.0	50.0
433.71	3779318281718988800	3779318280209039360	506	A00001170	801.0	100.0	1.75	133		17.18	-433.714286	1.0	5.0	6.3	GDGN0519	3779318280204845056	505	A00001149	1.0	0.03	0.0	17.0	6.0	0.9217	3.7018	433.714286	6.0	50.0
4285.71	3779318281718988801	3779318280079015936	489	A00002698	982.0	100.0	1.4	134		73.3	-4285.714286	4.0	5.0	10.0	GDGN0555	3779318280011907072	479	A00000145	1.0	0.01	0.0	12.0	17.0	1.4903	3.5688	4285.714286	9.85	50.0
4285.71	3779318281723183104	3779318280070627328	488	A00001052	982.0	100.0	1.4	135		55.0	-4285.714286	4.0	5.0	10.0	GDGN0556	3779318280079015936	489	A00002698	1.0	0.01	0.0	12.0	17.0	1.4903	3.5688	4285.714286	9.85	50.0
4285.71	3779318281727377408	3779318280099987456	491	A00002703	982.0	100.0	1.4	136		93.2	-4285.714286	4.0	5.0	10.0	GDGN0557	3779318280070627328	488	A00001052	1.0	0.01	0.0	12.0	17.0	1.4903	3.5688	4285.714286	9.85	50.0
4285.71	3779318281735766016	3779318280108376064	492	A00002706	982.0	100.0	1.4	137		21.3	-4285.714286	4.0	5.0	10.0	GDGN0558	3779318280099987456	491	A00002703	1.0	0.01	0.0	12.0	17.0	1.4903	3.5688	4285.714286	9.85	50.0
4285.71	3779318281739960320	3779318280087404544	490	A00001055	982.0	100.0	1.4	138		39.2	-4285.714286	4.0	5.0	10.0	GDGN0559	3779318280108376064	492	A00002706	1.0	0.01	0.0	12.0	17.0	1.4903	3.5688	4285.714286	9.85	50.0
4285.71	3779318281744154624	3779318280125153280	494	A00002713	982.0	100.0	1.4	139		19.8	-4285.714286	4.0	5.0	10.0	GDGN0560	3779318280087404544	490	A00001055	1.0	0.01	0.0	12.0	17.0	1.4903	3.5688	4285.714286	9.85	50.0
4285.71	3779318281744154625	3779318280116764672	493	A00002709	982.0	100.0	1.4	140		38.9	-4285.714286	4.0	5.0	10.0	GDGN0561	3779318280125153280	494	A00002713	1.0	0.01	0.0	12.0	17.0	1.4903	3.5688	4285.714286	9.85	50.0
628.57	3779318281752543233	3779318280045461504	484	A00000401	592.0	100.0	1.75	143		181.0	0.0	2.5	-10.0	6.3	GDGN0220	3779318279030439936	336	A00000398	1.0	0.04	0.0	15.0	9.0	1.1994	2.189	628.571429	6.0	50.0
628.57	3779318281756737536	3779318280049655808	485	A00002685	590.0	100.0	1.75	144		188.0	0.0	2.5	-10.0	6.3	GDGN0221	3779318280045461504	484	A00000401	1.0	0.04	0.0	15.0	10.0	1.1994	2.189	628.571429	6.0	50.0
628.57	3779318281760931840	3779318279764443136	443	A00000489	590.0	100.0	1.75	145		92.0	0.0	2.5	-10.0	6.3	GDGN0222	3779318280049655808	485	A00002685	1.0	0.04	0.0	15.0	10.0	1.1994	2.189	628.571429	6.0	50.0
4285.71	3779318281786097664	3779318280037072896	483	A00000143	982.0	100.0	1.4	154		44.8	-4285.714286	4.0	5.0	10.0	GDGN0553	3779318280028684288	482	A00002678	1.0	0.01	0.0	12.0	17.0	1.4903	3.5688	4285.714286	9.85	50.0
4285.71	3779318281790291968	3779318280011907072	479	A00000145	982.0	100.0	1.4	155		51.1	-4285.714286	4.0	5.0	10.0	GDGN0554	3779318280037072896	483	A00000143	1.0	0.01	0.0	12.0	17.0	1.4903	3.5688	4285.714286	9.85	50.0
142.85	3779318281790291969	3779318280016101376	480	A00002673	960.0	100.0	1.35	156	A00003064	92.41	-142.85714299999998	2.5	-10.0	10.0	GDGN0580	3779318280011907072	479	A00000145	1.0	0.01	0.0	10.0	28.0	1.4903	3.5688	142.85714299999998	6.0	50.0	0.0
2857.14	3779318281798680576	3779318279886077952	461	A00002626	1175.0	100.0	1.5	158		163.42	-2857.142857	4.0	-10.0	10.0	GDGN0400	3779318281018540032	626	A00003011	1.0	0.01	0.0	12.0	22.0	1.0672	1.1028	2857.142857	9.85	50.0
2857.14	3779318281798680577	3779318279894466560	462	A00002629	1175.0	100.0	1.5	159		56.27	-2857.142857	4.0	-10.0	10.0	GDGN0401	3779318279886077952	461	A00002626	1.0	0.01	0.0	12.0	22.0	1.0672	1.1028	2857.142857	9.85	50.0
2857.14	3779318281802874880	3779318279898660864	463	A00000078	1175.0	100.0	1.5	160		193.1	-2857.142857	4.0	-10.0	10.0	GDGN0402	3779318279894466560	462	A00002629	1.0	0.01	0.0	12.0	22.0	1.0672	1.1028	2857.142857	9.85	50.0
2857.14	3779318281807069184	3779318279907049472	464	A00000080	1175.0	100.0	1.5	161		111.41	-2857.142857	4.0	-10.0	10.0	GDGN0403	3779318279898660864	463	A00000078	1.0	0.01	0.0	12.0	22.0	1.0672	1.1028	2857.142857	9.85	50.0
2857.14	3779318281811263488	3779318279915438080	465	A00000082	981.0	100.0	1.5	162		49.18	-2857.142857	4.0	-10.0	10.0	GDGN0404	3779318279907049472	464	A00000080	1.0	0.01	0.0	12.0	17.5	1.0672	1.1028	2857.142857	9.85	50.0
2857.14	3779318281811263489	3779318279919632384	466	A00000084	981.0	100.0	1.5	163		19.99	-2857.142857	4.0	-10.0	10.0	GDGN0405	3779318279915438080	465	A00000082	1.0	0.01	0.0	12.0	17.5	1.0672	1.1028	2857.142857	9.85	50.0
2857.14	3779318281815457792	3779318279928020992	467	A00000086	981.0	100.0	1.5	164		69.68	-2857.142857	4.0	-10.0	10.0	GDGN0406	3779318279919632384	466	A00000084	1.0	0.01	0.0	12.0	17.5	1.0672	1.1028	2857.142857	9.85	50.0
2857.14	3779318281819652096	3779318279932215296	468	A00002642	981.0	100.0	1.5	165		62.41	-2857.142857	4.0	-10.0	10.0	GDGN0407	3779318279928020992	467	A00000086	1.0	0.01	0.0	12.0	17.5	1.0672	1.1028	2857.142857	9.85	50.0
2857.14	3779318281819652097	3779318279940603904	469	A00002645	981.0	100.0	1.5	166		67.93	-2857.142857	4.0	-10.0	10.0	GDGN0408	3779318279932215296	468	A00002642	1.0	0.01	0.0	12.0	17.5	1.0672	1.1028	2857.142857	9.85	50.0
2857.14	3779318281823846400	3779318279948992512	470	A00000088	981.0	100.0	1.5	167		39.16	-2857.142857	4.0	-10.0	10.0	GDGN0409	3779318279940603904	469	A00002645	1.0	0.01	0.0	12.0	17.5	1.0672	1.1028	2857.142857	9.85	50.0
2857.14	3779318281828040704	3779318279957381120	471	A00002650	981.0	100.0	1.5	168		11.78	-2857.142857	4.0	-10.0	10.0	GDGN0410	3779318279948992512	470	A00000088	1.0	0.01	0.0	12.0	17.5	1.0672	1.1028	2857.142857	9.85	50.0
1142.85	3779318281832235008	3779318279881883648	460	A00000689	607.6	100.0	1.38	170		34.2	-1142.857143	4.0	5.0	10.0	GDGN0353	3779318279336624128	380	A00000677	1.0	0.01	0.0	13.0	26.2	0.6813	2.189	1142.857143	9.85	50.0
1142.85	3779318281836429312	3779318279873495040	459	A00000692	607.6	100.0	1.38	171		59.2	-1142.857143	4.0	5.0	10.0	GDGN0354	3779318279881883648	460	A00000689	1.0	0.01	0.0	13.0	26.2	0.6813	2.189	1142.857143	9.85	50.0
1142.85	3779318281840623616	3779318279865106432	458	A00000695	607.6	100.0	1.38	172		58.0	-1142.857143	4.0	5.0	10.0	GDGN0355	3779318279873495040	459	A00000692	1.0	0.01	0.0	13.0	26.2	0.6813	2.189	1142.857143	9.85	50.0
1142.85	3779318281840623617	3779318279860912128	457	A00000522	607.6	100.0	1.38	173		49.71	-1142.857143	4.0	5.0	10.0	GDGN0356	3779318279865106432	458	A00000695	1.0	0.01	0.0	13.0	26.2	0.6813	2.189	1142.857143	9.85	50.0
1142.85	3779318281844817920	3779318279852523520	456	A00000524	607.6	100.0	1.38	174		39.6	-1142.857143	4.0	5.0	10.0	GDGN0357	3779318279860912128	457	A00000522	1.0	0.01	0.0	13.0	26.2	0.6813	2.189	1142.857143	9.85	50.0
1142.85	3779318281849012224	3779318279848329216	455	A00000531	607.6	100.0	1.38	175		21.6	-1142.857143	4.0	5.0	10.0	GDGN0358	3779318279852523520	456	A00000524	1.0	0.01	0.0	13.0	26.2	0.6813	2.189	1142.857143	9.85	50.0
857.14	3779318281853206528	3779318279839940608	454	A00002611	594.2	100.0	1.35	176	A00003067	1.0	-857.142857	2.5	5.0	6.3	GDGN0644	3779318279848329216	455	A00000531	1.0	0.01	0.0	15.0	7.9	0.6813	2.189	857.142857	6.0	50.0	0.0
857.14	3779318281853206529	3779318279839940608	454	A00002611	594.2	100.0	1.35	177		44.3	-857.142857	2.5	5.0	6.3	GDGN0627	3779318279831552000	453	A00000528	1.0	0.01	0.0	15.0	7.9	1.5552	2.189	857.142857	6.0	50.0
857.14	3779318281857400832	3779318279831552000	453	A00000528	594.2	100.0	1.35	178		75.0	-857.142857	2.5	5.0	6.3	GDGN0626	3779318279818969088	451	A00000526	1.0	0.01	0.0	15.0	7.9	1.5552	2.189	857.142857	6.0	50.0
857.14	3779318281861595136	3779318279818969088	451	A00000526	594.2	100.0	1.35	179		2.3	-857.142857	2.5	5.0	6.3	GDGN0625	3779318279827357696	452	A00002606	1.0	0.01	0.0	15.0	7.9	1.5552	2.189	857.142857	6.0	50.0
857.14	3779318281861595137	3779318279827357696	452	A00002606	594.2	100.0	1.35	180		45.2	-857.142857	2.5	5.0	6.3	GDGN0624	3779318279814774784	450	A00000520	1.0	0.01	0.0	15.0	7.9	1.5552	2.189	857.142857	6.0	50.0
857.14	3779318281865789440	3779318279814774784	450	A00000520	594.2	100.0	1.35	181		26.9	-857.142857	2.5	5.0	6.3	GDGN0623	3779318279806386176	449	A00000517	1.0	0.01	0.0	15.0	7.9	1.5552	2.189	857.142857	6.0	50.0
857.14	3779318281869983744	3779318279806386176	449	A00000517	594.2	100.0	1.35	182		35.4	-857.142857	2.5	5.0	6.3	GDGN0622	3779318279802191872	448	A00002597	1.0	0.01	0.0	15.0	7.9	1.5552	2.189	857.142857	6.0	50.0
857.14	3779318281874178048	3779318279802191872	448	A00002597	594.2	100.0	1.35	183		49.74	-857.142857	2.5	5.0	6.3	GDGN0621	3779318279793803264	447	A00000507	1.0	0.01	0.0	15.0	7.9	1.5552	2.189	857.142857	6.0	50.0
857.14	3779318281874178049	3779318279793803264	447	A00000507	594.2	100.0	1.35	184		61.45	-857.142857	2.5	5.0	6.3	GDGN0620	3779318279751860224	441	A00000484	1.0	0.01	0.0	15.0	7.9	1.5552	2.189	857.142857	6.0	50.0
857.14	3779318281878372352	3779318279751860224	441	A00000484	693.6	100.0	1.35	185		61.16	-857.142857	2.5	5.0	6.3	GDGN0609	3779318279747665920	440	A00000480	1.0	0.03	0.0	15.0	8.7	1.5552	2.189	857.142857	6.0	50.0
857.14	3779318281882566656	3779318279760248832	442	A00000487	693.6	100.0	1.35	186		57.86	-857.142857	2.5	5.0	6.3	GDGN0610	3779318279751860224	441	A00000484	1.0	0.03	0.0	15.0	8.7	1.5552	2.189	857.142857	6.0	50.0
857.14	3779318281886760960	3779318279764443136	443	A00000489	693.6	100.0	1.35	187		63.25	-857.142857	2.5	5.0	6.3	GDGN0611	3779318279760248832	442	A00000487	1.0	0.03	0.0	15.0	8.7	1.5552	2.189	857.142857	6.0	50.0
857.14	3779318281886760961	3779318279772831744	444	A00000493	693.6	100.0	1.35	188		36.14	-857.142857	2.5	5.0	6.3	GDGN0612	3779318279764443136	443	A00000489	1.0	0.03	0.0	15.0	8.7	1.5552	2.189	857.142857	6.0	50.0
857.14	3779318281890955264	3779318279781220352	445	A00000498	311.2	100.0	1.35	189		56.81	-857.142857	2.5	5.0	6.3	GDGN0613	3779318279772831744	444	A00000493	1.0	0.01	0.0	15.0	6.4	1.5552	2.189	857.142857	6.0	50.0
857.14	3779318281895149568	3779318279785414656	446	A00000515	311.2	100.0	1.35	190		21.18	-857.142857	2.5	5.0	6.3	GDGN0614	3779318279781220352	445	A00000498	1.0	0.01	0.0	15.0	6.4	1.5552	2.189	857.142857	6.0	50.0
857.14	3779318281895149569	3779318279663779840	428	A00000500	393.2	100.0	1.35	191		69.21	-857.142857	2.5	5.0	6.3	GDGN0615	3779318279739277312	439	A00002578	1.0	0.01	0.0	15.0	6.4	1.5552	2.189	857.142857	6.0	50.0
857.14	3779318281899343872	3779318279747665920	440	A00000480	693.6	100.0	1.35	192		18.52	-857.142857	2.5	5.0	6.3	GDGN0608	3779318279739277312	439	A00002578	1.0	0.03	0.0	15.0	8.7	1.5552	2.189	857.142857	6.0	50.0
200.0	3779318281903538176	3779318279722500096	437	A00000463	380.0	100.0	1.38	193		14.0	-200.0	1.5	-10.0	6.3	GDGN0350	3779318279630225408	423	A00002541	1.0	0.01	0.0	12.0	13.0	0.6813	2.189	200.0	6.0	50.0
342.85	3779318281903538177	3779318279730888704	438	A00000509	374.0	100.0	1.38	194		13.7	-342.857143	1.5	-10.0	6.3	GDGN0346	3779318279722500096	437	A00000463	1.0	0.01	0.0	12.0	16.0	0.6813	2.189	342.857143	6.0	50.0
857.14	3779318281907732480	3779318279714111488	436	A00002571	692.0	100.0	1.35	195		155.11	-861.4193550000001	2.5	5.0	7.0	GDGN0600	3779318279705722880	435	A00001430	1.0	0.03	0.0	15.0	9.5	1.5552	2.189	861.4193550000001	6.5	50.0
857.14	3779318281911926784	3779318279693139968	433	A00000470	693.6	100.0	1.35	196		14.15	-861.4193550000001	2.5	5.0	6.3	GDGN0601	3779318279714111488	436	A00002571	1.0	0.03	0.0	15.0	8.7	1.5552	2.189	861.4193550000001	6.5	50.0
857.14	3779318281916121088	3779318279701528576	434	A00002566	693.6	100.0	1.35	197		57.68	-857.142857	2.5	5.0	6.3	GDGN0602	3779318279693139968	433	A00000470	1.0	0.03	0.0	15.0	8.7	1.5552	2.189	857.142857	6.5	50.0
857.14	3779318281916121089	3779318279688945664	432	A00002561	693.6	100.0	1.35	198		74.89	-857.142857	2.5	5.0	6.3	GDGN0603	3779318279701528576	434	A00002566	1.0	0.03	0.0	15.0	8.7	1.5552	2.189	857.142857	6.5	50.0
857.14	3779318281920315392	3779318279680557056	431	A00000472	693.6	100.0	1.35	199		83.86	-857.142857	2.5	5.0	6.3	GDGN0604	3779318279688945664	432	A00002561	1.0	0.03	0.0	15.0	8.7	1.5552	2.189	857.142857	6.5	50.0
857.14	3779318281924509696	3779318279667974144	429	A00000474	693.6	100.0	1.35	200		21.33	-857.142857	2.5	5.0	6.3	GDGN0605	3779318279680557056	431	A00000472	1.0	0.03	0.0	15.0	8.7	1.5552	2.189	857.142857	6.5	50.0
857.14	3779318281924509697	3779318279676362752	430	A00000477	693.6	100.0	1.35	201		32.46	-857.142857	2.5	5.0	6.3	GDGN0606	3779318279667974144	429	A00000474	1.0	0.03	0.0	15.0	8.7	1.5552	2.189	857.142857	6.0	50.0
857.14	3779318281928704000	3779318279739277312	439	A00002578	693.6	100.0	1.35	202		44.56	-857.142857	2.5	5.0	6.3	GDGN0607	3779318279676362752	430	A00000477	1.0	0.03	0.0	15.0	8.7	1.5552	2.189	857.142857	6.0	50.0
857.14	3779318281932898304	3779318279730888704	438	A00000509	393.2	100.0	1.35	203		47.21	-857.142857	2.5	5.0	6.3	GDGN0619	3779318279642808320	425	A00000505	1.0	0.01	0.0	15.0	6.4	1.5552	2.189	857.142857	6.0	50.0
857.14	3779318281937092608	3779318279642808320	425	A00000505	393.2	100.0	1.35	204		22.7	-857.142857	2.5	5.0	6.3	GDGN0618	3779318279647002624	426	A00002548	1.0	0.01	0.0	15.0	6.4	1.5552	2.189	857.142857	6.0	50.0
857.14	3779318281937092609	3779318279647002624	426	A00002548	393.2	100.0	1.35	205		1.0	-857.142857	2.5	5.0	6.3	GDGN0617	3779318279655391232	427	A00000503	1.0	0.01	0.0	15.0	6.4	1.5552	2.189	857.142857	6.0	50.0
857.14	3779318281941286912	3779318279655391232	427	A00000503	393.2	100.0	1.35	206		71.39	-857.142857	2.5	5.0	6.3	GDGN0616	3779318279663779840	428	A00000500	1.0	0.01	0.0	15.0	6.4	1.5552	2.189	857.142857	6.0	50.0
342.85	3779318281941286913	3779318279634419712	424	A00000465	484.0	100.0	1.35	207	A00003068	21.6	-342.857143	2.5	-10.0	6.3	GDGN0348	3779318279227572224	365	A00001420	1.0	0.01	0.0	12.0	12.0	0.6813	2.189	342.857143	6.0	50.0	0.0
342.85	3779318281941286914	3779318279630225408	423	A00002541	484.0	100.0	1.35	208		63.2	-342.857143	2.5	-10.0	6.3	GDGN0349	3779318279634419712	424	A00000465	1.0	0.01	0.0	12.0	12.0	0.6813	2.189	342.857143	6.0	50.0
142.85	3779318281945481216	3779318279621836800	422	A00000468	353.6	100.0	1.35	209		46.0	-142.85714299999998	2.5	-10.0	6.3	GDGN0351	3779318279630225408	423	A00002541	1.0	0.01	0.0	12.0	26.2	0.6813	2.189	142.85714299999998	6.0	50.0
142.85	3779318281949675520	3779318279613448192	421	A00000512	455.6	100.0	1.35	210		116.0	-142.85714299999998	2.5	-10.0	6.3	GDGN0352	3779318279621836800	422	A00000468	1.0	0.01	0.0	12.0	26.2	0.6813	2.189	142.85714299999998	6.0	50.0
510.28	3779318281949675521	3779318279584088064	417	A00000600	787.0	100.0	1.5	211	A00003069	17.8	-510.285714	2.5	-10.0	6.3	GDGN0438	3779318278938165248	323	A00002304	1.0	0.01	0.0	18.0	13.0	1.1994	2.189	510.285714	6.0	50.0	0.0
510.28	3779318281953869824	3779318279592476672	418	A00000602	791.0	100.0	1.5	212		42.96	-510.285714	2.5	-10.0	6.3	GDGN0439	3779318279584088064	417	A00000600	1.0	0.01	0.0	18.0	11.0	1.1994	2.189	510.285714	6.0	50.0
22.85	3779318281958064128	3779318279600865280	419	A00000664	805.0	100.0	1.5	213		43.79	-22.857143	2.5	-10.0	6.3	GDGN0475	3779318279592476672	418	A00000602	1.0	0.01	0.0	18.0	4.0	1.1994	2.189	22.857143	6.0	50.0
510.28	3779318281958064129	3779318279609253888	420	A00001182	787.0	100.0	1.5	214		38.18	-510.285714	2.5	-10.0	6.3	GDGN0440	3779318279592476672	418	A00000602	1.0	0.01	0.0	18.0	13.0	1.1994	2.189	510.285714	6.0	50.0
571.42	3779318281962258432	3779318279550533632	412	A00000643	592.4	100.0	1.5	215	A00003070	15.8	-571.428571	2.5	-10.0	4.0	GDGN0476	3779318279458258944	398	A00000635	1.0	0.01	0.0	18.0	8.8	1.1994	2.189	571.428571	3.8	50.0	0.0
571.42	3779318281966452736	3779318279558922240	413	A00000646	592.4	100.0	1.5	216		17.2	-571.428571	2.5	-10.0	4.0	GDGN0477	3779318279550533632	412	A00000643	1.0	0.01	0.0	18.0	8.8	1.1994	2.189	571.428571	3.8	50.0
571.42	3779318281970647040	3779318279563116544	414	A00000648	592.4	100.0	1.5	217		12.1	-571.428571	2.5	-10.0	4.0	GDGN0478	3779318279558922240	413	A00000646	1.0	0.01	0.0	18.0	8.8	1.1994	2.189	571.428571	3.8	50.0
571.42	3779318281970647041	3779318279571505152	415	A00000651	592.4	100.0	1.5	218		23.7	-571.428571	2.5	-10.0	4.0	GDGN0479	3779318279563116544	414	A00000648	1.0	0.01	0.0	18.0	8.8	1.1994	2.189	571.428571	3.8	50.0
571.42	3779318281974841344	3779318279575699456	416	A00002526	592.4	100.0	1.5	219		9.9	-571.428571	2.5	-10.0	4.0	GDGN0480	3779318279571505152	415	A00000651	1.0	0.01	0.0	18.0	8.8	1.1994	2.189	571.428571	3.8	50.0
4857.14	3779318281979035648	3779318279537950720	410	A00000639	974.0	100.0	2.16	220	A00003071	13.19	-4857.142857	4.0	5.0	10.0	GDGN0472	3779318279458258944	398	A00000635	1.0	0.01	0.0	18.0	21.0	1.1994	2.189	4857.142857	9.85	50.0	0.0
4857.14	3779318281983229952	3779318279546339328	411	A00001046	974.0	100.0	2.16	221		13.85	-4857.142857	4.0	5.0	10.0	GDGN0473	3779318279537950720	410	A00000639	1.0	0.01	0.0	18.0	21.0	1.1994	2.189	4857.142857	9.85	50.0
4857.14	3779318281983229953	3779318279525367808	408	A00000627	963.6	100.0	2.16	222		19.14	-4857.142857	4.0	5.0	10.0	GDGN0469	3779318278975913984	328	A00000624	1.0	0.01	0.0	18.0	26.2	1.1994	2.189	4857.142857	9.85	50.0
4857.14	3779318281987424256	3779318279516979200	407	A00000632	963.6	100.0	2.16	223		24.18	-4857.142857	4.0	5.0	10.0	GDGN0470	3779318279525367808	408	A00000627	1.0	0.01	0.0	18.0	26.2	1.1994	2.189	4857.142857	9.85	50.0
285.71	3779318281991618560	3779318279529562112	409	A00000666	476.0	100.0	1.5	224		8.2	-285.71428599999996	4.0	5.0	10.0	GDGN0486	3779318279525367808	408	A00000627	1.0	0.01	0.0	18.0	16.0	1.1994	2.189	285.71428599999996	9.85	50.0
4857.14	3779318281991618561	3779318279458258944	398	A00000635	963.6	100.0	2.16	225		21.63	-4857.142857	4.0	5.0	10.0	GDGN0471	3779318279516979200	407	A00000632	1.0	0.01	0.0	18.0	26.2	1.1994	2.189	4857.142857	9.85	50.0
4857.14	3779318281995812864	3779318279512784896	406	A00000619	974.0	100.0	2.16	226		67.27	-4857.142857	4.0	5.0	10.0	GDGN0466	3779318278996885504	331	A00000605	1.0	0.01	0.0	18.0	21.0	1.1994	2.189	4857.142857	9.85	50.0
4857.14	3779318282000007168	3779318278938165248	323	A00002304	974.0	100.0	2.16	227		16.92	-4857.142857	4.0	5.0	10.0	GDGN0467	3779318279512784896	406	A00000619	1.0	0.01	0.0	18.0	21.0	1.1994	2.189	4857.142857	9.85	50.0
4857.14	3779318282000007169	3779318278975913984	328	A00000624	974.0	100.0	2.16	228		37.15	-4857.142857	4.0	5.0	10.0	GDGN0468	3779318278938165248	323	A00002304	1.0	0.01	0.0	18.0	21.0	1.1994	2.189	4857.142857	9.85	50.0
428.57	3779318282004201472	3779318279500201984	404	A00000641	964.0	100.0	1.5	229		34.81	-738.275967	4.0	5.0	10.0	GDGN0442	3779318278996885504	331	A00000605	1.0	0.01	0.0	18.0	26.0	1.1994	2.189	738.275967	9.85	50.0
618.85	3779318282008395776	3779318279504396288	405	A00000662	456.0	100.0	1.5	230		53.0	-618.857143	4.0	5.0	6.0	GDGN0474	3779318279500201984	404	A00000641	1.0	0.01	0.0	18.0	26.0	1.1994	2.189	618.857143	9.85	50.0
428.57	3779318282008395777	3779318279491813376	403	A00002499	964.0	100.0	1.5	231		1.0	-428.571429	4.0	5.0	10.0	GDGN0441	3779318278996885504	331	A00000605	1.0	0.01	0.0	18.0	26.0	1.1994	2.189	428.571429	9.85	50.0
510.28	3779318282012590080	3779318279470841856	400	A00002492	488.0	100.0	1.5	232	A00003072	7.5	-510.285714	2.5	-10.0	6.3	GDGN0481	3779318278988496896	330	A00000617	1.0	0.01	0.0	18.0	10.0	1.1994	2.189	510.285714	6.0	50.0	0.0
510.28	3779318282016784384	3779318279466647552	399	A00000654	488.0	100.0	1.5	233		5.88	-510.285714	2.5	-10.0	6.3	GDGN0482	3779318279470841856	400	A00002492	1.0	0.01	0.0	18.0	10.0	1.1994	2.189	510.285714	6.0	50.0
510.28	3779318282016784385	3779318279479230464	401	A00000014	492.0	100.0	1.5	234		72.43	-510.285714	2.5	-10.0	6.3	GDGN0483	3779318279466647552	399	A00000654	1.0	0.01	0.0	18.0	8.0	1.1994	2.189	510.285714	6.0	50.0
510.28	3779318282020978688	3779318279487619072	402	A00000030	492.0	100.0	1.5	235		36.93	-510.285714	2.5	-10.0	6.3	GDGN0484	3779318279479230464	401	A00000014	1.0	0.01	0.0	18.0	8.0	1.1994	2.189	510.285714	6.0	50.0
457.14	3779318282025172992	3779318279454064640	397	A00000597	1004.0	100.0	1.4	236		62.25	-457.14285700000005	4.0	5.0	10.0	GDGN0344	3779318279420510208	392	A00002473	1.0	0.01	0.0	14.0	6.0	0.6813	2.189	457.14285700000005	9.85	50.0
457.14	3779318282029367296	3779318279458258944	398	A00000635	1004.0	100.0	1.4	237		42.41	-457.14285700000005	4.0	5.0	10.0	GDGN0345	3779318279454064640	397	A00000597	1.0	0.01	0.0	14.0	6.0	0.6813	2.189	457.14285700000005	9.85	50.0
4285.71	3779318282029367297	3779318279441481728	395	A00002480	1177.0	100.0	1.42	238		1.0	-4285.714286	4.0	5.0	10.0	GDGN0326	3779318279265320960	370	A00000461	1.0	0.01	0.0	17.5	21.0	0.6813	3.5083	4285.714286	9.85	50.0
4285.71	3779318282033561600	3779318279445676032	396	A00002483	1177.0	100.0	1.42	239		1.0	-4285.714286	4.0	5.0	10.0	GDGN0327	3779318279441481728	395	A00002480	1.0	0.01	0.0	17.5	21.0	0.6813	3.5083	4285.714286	9.85	50.0
2857.14	3779318282037755904	3779318279370178560	385	A00002456	963.6	100.0	1.35	240		139.2	-2857.142857	4.0	5.0	10.0	GDGN0334	3779318279328235520	379	A00000674	1.0	0.01	0.0	12.0	26.2	0.6813	2.189	2857.142857	9.85	50.0
2857.14	3779318282041950208	3779318279374372864	386	A00000685	974.0	100.0	1.35	241		158.58	-2857.142857	4.0	5.0	10.0	GDGN0335	3779318279370178560	385	A00002456	1.0	0.01	0.0	12.0	21.0	0.6813	2.189	2857.142857	9.85	50.0
2857.14	3779318282041950209	3779318279382761472	387	A00000687	963.6	100.0	1.35	242		111.15	-2857.142857	4.0	5.0	10.0	GDGN0336	3779318279374372864	386	A00000685	1.0	0.01	0.0	12.0	26.2	0.6813	2.189	2857.142857	9.85	50.0
2857.14	3779318282046144512	3779318279391150080	388	A00001172	963.6	100.0	1.35	243		134.62	-2857.142857	4.0	5.0	10.0	GDGN0337	3779318279382761472	387	A00000687	1.0	0.01	0.0	12.0	26.2	0.6813	2.189	2857.142857	9.85	50.0
2857.14	3779318282050338816	3779318279399538688	389	A00001174	963.6	100.0	1.35	244		93.13	-2857.142857	4.0	5.0	10.0	GDGN0338	3779318279391150080	388	A00001172	1.0	0.01	0.0	12.0	26.2	0.6813	2.189	2857.142857	9.85	50.0
2857.14	3779318282054533120	3779318279407927296	390	A00001176	963.6	100.0	1.35	245		82.39	-2857.142857	4.0	5.0	10.0	GDGN0339	3779318279399538688	389	A00001174	1.0	0.01	0.0	12.0	26.2	0.6813	2.189	2857.142857	9.85	50.0
2857.14	3779318282054533121	3779318279412121600	391	A00001178	963.6	100.0	1.35	246		91.66	-2857.142857	4.0	5.0	10.0	GDGN0340	3779318279407927296	390	A00001176	1.0	0.01	0.0	12.0	26.2	0.6813	2.189	2857.142857	9.85	50.0
2857.14	3779318282058727424	3779318279420510208	392	A00002473	963.6	100.0	1.35	247		83.16	-2857.142857	4.0	5.0	10.0	GDGN0341	3779318279412121600	391	A00001178	1.0	0.01	0.0	12.0	26.2	0.6813	2.189	2857.142857	9.85	50.0
2857.14	3779318282062921728	3779318279437287424	394	A00001180	963.6	100.0	1.35	248		29.25	-2857.142857	4.0	5.0	10.0	GDGN0342	3779318279420510208	392	A00002473	1.0	0.01	0.0	12.0	26.2	0.6813	2.189	2857.142857	9.85	50.0
2857.14	3779318282062921729	3779318279428898816	393	A00001044	963.6	100.0	1.35	249		1.0	-2857.142857	4.0	5.0	10.0	GDGN0343	3779318279437287424	394	A00001180	1.0	0.01	0.0	12.0	26.2	0.6813	2.189	2857.142857	9.85	50.0
8571.42	3779318282067116032	3779318279328235520	379	A00000674	1167.0	100.0	1.42	250		51.6	-8571.428570999999	4.0	5.0	10.0	GDGN0320	3779318279277903872	372	A00000672	1.0	0.01	0.0	17.5	26.0	0.6813	2.189	8571.428570999999	9.85	50.0
8571.42	3779318282071310336	3779318279336624128	380	A00000677	1167.0	100.0	1.48	251		74.7	-8571.428570999999	4.0	5.0	10.0	GDGN0321	3779318279328235520	379	A00000674	1.0	0.01	0.0	19.6	26.0	0.6813	2.189	8571.428570999999	9.85	50.0
8571.42	3779318282071310337	3779318279340818432	381	A00000679	1167.0	100.0	1.48	252		112.3	-8571.428570999999	4.0	5.0	10.0	GDGN0322	3779318279336624128	380	A00000677	1.0	0.01	0.0	19.6	26.0	0.6813	2.189	8571.428570999999	9.85	50.0
8571.42	3779318282075504640	3779318279349207040	382	A00000682	1184.0	100.0	1.48	253		175.4	-8571.428570999999	4.0	5.0	10.0	GDGN0323	3779318279340818432	381	A00000679	1.0	0.01	0.0	19.6	17.5	0.6813	2.189	8571.428570999999	9.85	50.0
8571.42	3779318282079698944	3779318279357595648	383	A00000183	1184.0	100.0	1.48	254		137.6	-8571.428570999999	4.0	5.0	10.0	GDGN0324	3779318279349207040	382	A00000682	1.0	0.01	0.0	22.7	17.5	0.6813	2.189	8571.428570999999	9.85	50.0
8571.42	3779318282083893248	3779318279361789952	384	A00000169	1184.0	100.0	1.48	255		193.0	-8571.428570999999	4.0	5.0	10.0	GDGN0325	3779318279357595648	383	A00000183	1.0	0.01	0.0	22.7	17.5	0.6813	2.189	8571.428570999999	9.85	50.0
8571.42	3779318282109059072	3779318279219183616	364	A00000413	1164.0	100.0	1.42	263		119.0	-8571.428570999999	4.0	5.0	10.0	GDGN0311	3779318279080771584	343	A00000410	1.0	0.01	0.0	15.6	27.5	0.6813	2.189	8571.428570999999	9.85	50.0
8571.42	3779318282109059073	3779318279227572224	365	A00001420	1164.0	100.0	1.42	264		54.9	-8571.428570999999	4.0	5.0	10.0	GDGN0312	3779318279219183616	364	A00000413	1.0	0.01	0.0	15.6	27.5	0.6813	2.189	8571.428570999999	9.85	50.0
8571.42	3779318282113253376	3779318279231766528	366	A00000446	1164.0	100.0	1.42	265		61.8	-8571.428570999999	4.0	5.0	10.0	GDGN0313	3779318279227572224	365	A00001420	1.0	0.01	0.0	15.6	27.5	0.6813	2.189	8571.428570999999	9.85	50.0
8571.42	3779318282117447680	3779318279244349440	367	A00000449	1164.0	100.0	1.42	266		95.9	-8571.428570999999	4.0	5.0	10.0	GDGN0314	3779318279231766528	366	A00000446	1.0	0.01	0.0	15.6	27.5	0.6813	2.189	8571.428570999999	9.85	50.0
8571.42	3779318282121641984	3779318279252738048	368	A00000452	1177.0	100.0	1.42	267		47.6	-8571.428570999999	4.0	5.0	10.0	GDGN0315	3779318279244349440	367	A00000449	1.0	0.01	0.0	15.6	21.0	0.6813	2.189	8571.428570999999	9.85	50.0
8571.42	3779318282121641985	3779318279261126656	369	A00000454	1177.0	100.0	1.42	268		82.8	-8571.428570999999	4.0	5.0	10.0	GDGN0316	3779318279252738048	368	A00000452	1.0	0.01	0.0	17.5	21.0	0.6813	2.189	8571.428570999999	9.85	50.0
8571.42	3779318282125836288	3779318279265320960	370	A00000461	1177.0	100.0	1.42	269		112.0	-8571.428570999999	4.0	5.0	10.0	GDGN0317	3779318279261126656	369	A00000454	1.0	0.01	0.0	17.5	21.0	0.6813	2.189	8571.428570999999	9.85	50.0
8571.42	3779318282130030592	3779318279273709568	371	A00000670	1167.0	100.0	1.42	270		34.1	-8571.428570999999	4.0	5.0	10.0	GDGN0318	3779318279265320960	370	A00000461	1.0	0.01	0.0	17.5	26.0	0.6813	2.189	8571.428570999999	9.85	50.0
8571.42	3779318282134224896	3779318279277903872	372	A00000672	1167.0	100.0	1.42	271		99.4	-8571.428570999999	4.0	5.0	10.0	GDGN0319	3779318279273709568	371	A00000670	1.0	0.01	0.0	17.5	26.0	0.6813	2.189	8571.428570999999	9.85	50.0
28.57	3779318282167779329	3779318279147880448	353	A00000441	207.0	100.0	1.5	282	A00003074	23.73	-41.586554	2.5	-10.0	6.3	GDGN0437	3779318279059800064	340	A00000416	1.0	0.01	0.0	18.0	6.0	1.1994	2.189	41.586554	6.0	50.0	0.0
2857.14	3779318282201333760	3779318279055605760	339	A00000389	996.0	100.0	1.35	293		128.0	-2857.142857	4.0	5.0	10.0	GDGN0186	3779318279068188672	341	A00000386	1.0	0.01	0.0	11.0	10.0	1.6365	4.2147	2857.142857	9.85	50.0
2857.14	3779318282201333761	3779318279076577280	342	A00002346	386.4	100.0	1.35	294		1.0	-2857.142857	4.0	5.0	6.3	GDGN0639	3779318279068188672	341	A00000386	1.0	0.01	0.0	11.0	10.0	0.6813	2.189	2857.142857	9.85	50.0
8571.42	3779318282205528064	3779318279080771584	343	A00000410	1164.0	100.0	1.42	295		29.7	-8571.428570999999	4.0	5.0	10.0	GDGN0310	3779318279076577280	342	A00002346	1.0	0.01	0.0	15.6	27.5	0.6813	2.189	8571.428570999999	9.85	50.0
4857.14	3779318282209722368	3779318279038828544	337	A00000425	974.0	100.0	2.16	296		43.71	-4857.142857	4.0	5.0	10.0	GDGN0455	3779318279059800064	340	A00000416	1.0	0.01	0.0	15.0	21.0	1.1994	2.189	4857.142857	9.85	50.0
4857.14	3779318282213916672	3779318279030439936	336	A00000398	974.0	100.0	2.16	297		134.94	-4857.142857	4.0	5.0	10.0	GDGN0456	3779318279038828544	337	A00000425	1.0	0.01	0.0	15.0	21.0	1.1994	2.189	4857.142857	9.85	50.0
4857.14	3779318282213916673	3779318279022051328	335	A00000005	974.0	100.0	2.16	298		76.78	-4857.142857	4.0	5.0	10.0	GDGN0457	3779318279030439936	336	A00000398	1.0	0.01	0.0	18.0	21.0	1.1994	2.189	4857.142857	9.85	50.0
4857.14	3779318282218110976	3779318279017857024	334	A00000007	981.0	100.0	2.16	299		74.51	-4857.142857	4.0	5.0	10.0	GDGN0458	3779318279022051328	335	A00000005	1.0	0.01	0.0	18.0	17.5	1.1994	2.189	4857.142857	9.85	50.0
2857.14	3779318282222305280	3779318279055605760	339	A00000389	974.0	100.0	2.16	300		1.0	-2857.142857	4.0	5.0	10.0	GDGN0638	3779318279038828544	337	A00000425	1.0	0.01	0.0	15.0	21.0	1.1994	2.189	2857.142857	9.85	50.0
2857.14	3779318282222305281	3779318279047217152	338	A00000392	996.0	100.0	1.35	301		22.0	-2857.142857	4.0	5.0	10.0	GDGN0187	3779318279055605760	339	A00000389	1.0	0.01	0.0	11.0	10.0	1.6365	4.2147	2857.142857	9.85	50.0
2857.14	3779318282226499584	3779318278741032960	294	A00000394	996.0	100.0	1.35	302		37.0	-2857.142857	4.0	5.0	10.0	GDGN0188	3779318279047217152	338	A00000392	1.0	0.01	0.0	11.0	10.0	1.6365	4.2147	2857.142857	9.85	50.0
4857.14	3779318282230693888	3779318278967525376	327	A00000009	974.0	100.0	2.16	303		98.18	-4857.142857	4.0	5.0	10.0	GDGN0459	3779318279017857024	334	A00000007	1.0	0.01	0.0	18.0	21.0	1.1994	2.189	4857.142857	9.85	50.0
428.57	3779318282230693889	3779318279009468416	333	A00000668	390.0	100.0	1.5	304		8.5	-428.571429	4.0	5.0	10.0	GDGN0487	3779318279001079808	332	A00000609	1.0	0.01	0.0	18.0	8.0	1.1994	2.189	428.571429	9.85	50.0
4857.14	3779318282234888192	3779318278984302592	329	A00000612	981.0	100.0	2.16	305		27.32	-4857.142857	4.0	5.0	10.0	GDGN0463	3779318279001079808	332	A00000609	1.0	0.01	0.0	18.0	17.5	1.1994	2.189	4857.142857	9.85	50.0
3142.85	3779318282239082496	3779318278984302592	329	A00000612	681.6	100.0	2.16	306		33.9	-3142.857143	4.0	5.0	10.0	GDGN0166	3779318278854279168	311	A00000579	1.0	0.01	0.0	15.0	14.7	2.3505	4.2147	3142.857143	9.85	50.0
4857.14	3779318282239082497	3779318278988496896	330	A00000617	974.0	100.0	2.16	307		7.15	-4857.142857	4.0	5.0	10.0	GDGN0464	3779318278984302592	329	A00000612	1.0	0.01	0.0	18.0	21.0	1.1994	2.189	4857.142857	9.85	50.0
4857.14	3779318282243276800	3779318278996885504	331	A00000605	974.0	100.0	2.16	308		36.25	-4857.142857	4.0	5.0	10.0	GDGN0465	3779318278988496896	330	A00000617	1.0	0.01	0.0	18.0	21.0	1.1994	2.189	4857.142857	9.85	50.0
4857.14	3779318282247471104	3779318279001079808	332	A00000609	974.0	100.0	2.16	309		47.23	-4857.142857	4.0	5.0	10.0	GDGN0462	3779318278950748160	324	A00000011	1.0	0.01	0.0	18.0	21.0	1.1994	2.189	4857.142857	9.85	50.0
4857.14	3779318282247471105	3779318278950748160	324	A00000011	974.0	100.0	2.16	310		65.92	-4857.142857	4.0	5.0	10.0	GDGN0461	3779318278963331072	326	A00000002	1.0	0.01	0.0	18.0	21.0	1.1994	2.189	4857.142857	9.85	50.0
4857.14	3779318282251665408	3779318278963331072	326	A00000002	974.0	100.0	2.16	311		54.92	-4857.142857	4.0	5.0	10.0	GDGN0460	3779318278967525376	327	A00000009	1.0	0.01	0.0	18.0	21.0	1.1994	2.189	4857.142857	9.85	50.0
510.28	3779318282255859712	3779318278954942464	325	A00000027	394.0	100.0	1.5	312	A00003075	79.15	-510.285714	2.5	-10.0	6.3	GDGN0443	3779318278963331072	326	A00000002	1.0	0.01	0.0	18.0	6.0	1.1994	2.189	510.285714	6.0	50.0	0.0
1785.71	3779318282255859713	3779318278933970944	322	A00002301	974.0	100.0	1.4	313		1.0	-1785.714286	4.0	0.0	10.0	GDGN0184	3779318278879444992	315	A00002285	1.0	0.01	0.0	15.0	21.0	2.3505	4.2147	1785.714286	9.85	50.0
1785.71	3779318282260054016	3779318278938165248	323	A00002304	974.0	100.0	1.4	314		27.0	-1785.714286	4.0	0.0	10.0	GDGN0185	3779318278933970944	322	A00002301	1.0	0.01	0.0	15.0	21.0	2.3505	4.2147	1785.714286	9.85	50.0
125.71	3779318282264248320	3779318278912999424	319	A00000592	594.0	100.0	1.4	315		55.0	-125.71428600000002	4.0	0.0	10.0	GDGN0179	3779318278795558912	302	A00000556	1.0	0.01	0.0	15.0	8.0	2.3505	4.2147	125.71428600000002	9.85	50.0
125.71	3779318282268442624	3779318278925582336	321	A00000595	594.0	100.0	1.4	316		38.32	-125.71428600000002	4.0	0.0	10.0	GDGN0180	3779318278912999424	319	A00000592	1.0	0.01	0.0	15.0	8.0	2.3505	4.2147	125.71428600000002	9.85	50.0
125.71	3779318282268442625	3779318278917193728	320	A00000659	594.0	100.0	1.4	317		48.28	-125.71428600000002	4.0	0.0	10.0	GDGN0181	3779318278925582336	321	A00000595	1.0	0.01	0.0	15.0	8.0	2.3505	4.2147	125.71428600000002	9.85	50.0
336.85	3779318282272636928	3779318278799753216	303	A00000021	594.0	100.0	1.4	318		55.1	-336.857143	4.0	0.0	10.0	GDGN0182	3779318278795558912	302	A00000556	1.0	0.01	0.0	15.0	8.0	2.3505	4.2147	336.857143	9.85	50.0
3857.14	3779318282276831232	3779318278862667776	312	A00000581	974.0	100.0	1.4	319		28.8	-3857.142857	4.0	0.0	10.0	GDGN0173	3779318278845890560	310	A00000575	1.0	0.01	0.0	15.0	21.0	2.3505	4.2147	3857.142857	9.85	50.0
3857.14	3779318282276831233	3779318278866862080	313	A00000583	974.0	100.0	1.4	320		11.0	-3857.142857	4.0	0.0	10.0	GDGN0174	3779318278862667776	312	A00000581	1.0	0.01	0.0	15.0	21.0	2.3505	4.2147	3857.142857	9.85	50.0
3857.14	3779318282281025536	3779318278875250688	314	A00000585	1000.0	100.0	1.4	321		41.2	-3857.142857	4.0	0.0	10.0	GDGN0175	3779318278866862080	313	A00000583	1.0	0.01	0.0	15.0	8.0	2.3505	4.2147	3857.142857	9.85	50.0
3857.14	3779318282285219840	3779318278887833600	316	A00000587	974.0	100.0	1.4	322		37.6	-3857.142857	4.0	0.0	10.0	GDGN0176	3779318278875250688	314	A00000585	1.0	0.01	0.0	15.0	21.0	2.3505	4.2147	3857.142857	9.85	50.0
3857.14	3779318282285219841	3779318278904610816	318	A00000589	974.0	100.0	1.4	323		29.1	-3857.142857	4.0	0.0	10.0	GDGN0177	3779318278887833600	316	A00000587	1.0	0.01	0.0	15.0	21.0	2.3505	4.2147	3857.142857	9.85	50.0
3857.14	3779318282289414144	3779318278896222208	317	A00000430	974.0	100.0	1.4	324		59.7	-3857.142857	4.0	0.0	10.0	GDGN0178	3779318278904610816	318	A00000589	1.0	0.01	0.0	15.0	21.0	2.3505	4.2147	3857.142857	9.85	50.0
1785.71	3779318282293608448	3779318278879444992	315	A00002285	974.0	100.0	1.4	325		27.1	-1785.714286	4.0	0.0	10.0	GDGN0183	3779318278875250688	314	A00000585	1.0	0.01	0.0	15.0	21.0	2.3505	4.2147	1785.714286	9.85	50.0
3142.85	3779318282293608449	3779318278829113344	307	A00000567	681.6	100.0	2.16	326		23.3	-3142.857143	4.0	5.0	10.0	GDGN0161	3779318278812336128	305	A00000562	1.0	0.01	0.0	15.0	14.7	2.3505	4.2147	3142.857143	9.85	50.0
3142.85	3779318282297802752	3779318278833307648	308	A00000570	681.6	100.0	2.16	327		31.37	-3142.857143	4.0	5.0	10.0	GDGN0162	3779318278829113344	307	A00000567	1.0	0.01	0.0	15.0	14.7	2.3505	4.2147	3142.857143	9.85	50.0
3142.85	3779318282301997056	3779318278841696256	309	A00000572	681.6	100.0	2.16	328		57.35	-3142.857143	4.0	5.0	10.0	GDGN0163	3779318278833307648	308	A00000570	1.0	0.01	0.0	15.0	14.7	2.3505	4.2147	3142.857143	9.85	50.0
3142.85	3779318282301997057	3779318278845890560	310	A00000575	681.6	100.0	2.16	329		36.32	-3142.857143	4.0	5.0	10.0	GDGN0164	3779318278841696256	309	A00000572	1.0	0.01	0.0	15.0	14.7	2.3505	4.2147	3142.857143	9.85	50.0
3142.85	3779318282306191360	3779318278854279168	311	A00000579	681.6	100.0	2.16	330		22.87	-3142.857143	4.0	5.0	10.0	GDGN0165	3779318278845890560	310	A00000575	1.0	0.01	0.0	15.0	14.7	2.3505	4.2147	3142.857143	9.85	50.0
3142.85	3779318282310385664	3779318278795558912	302	A00000556	681.6	100.0	2.16	331		74.13	-3142.857143	4.0	5.0	10.0	GDGN0157	3779318278766198784	298	A00000361	1.0	0.01	0.0	15.0	14.7	2.3505	4.2147	3142.857143	9.85	50.0
3142.85	3779318282310385665	3779318278808141824	304	A00000558	681.6	100.0	2.16	332		71.86	-3142.857143	4.0	5.0	10.0	GDGN0158	3779318278795558912	302	A00000556	1.0	0.01	0.0	15.0	14.7	2.3505	4.2147	3142.857143	9.85	50.0
3142.85	3779318282314579968	3779318278820724736	306	A00000560	681.6	100.0	2.16	333		41.19	-3142.857143	4.0	5.0	10.0	GDGN0159	3779318278808141824	304	A00000558	1.0	0.01	0.0	15.0	14.7	2.3505	4.2147	3142.857143	9.85	50.0
3142.85	3779318282318774272	3779318278812336128	305	A00000562	681.6	100.0	2.16	334		37.85	-3142.857143	4.0	5.0	10.0	GDGN0160	3779318278820724736	306	A00000560	1.0	0.01	0.0	15.0	14.7	2.3505	4.2147	3142.857143	9.85	50.0
214.28	3779318282318774273	3779318278787170304	301	A00000898	311.9	100.0	1.4	335	A00003076	17.5	-214.285714	2.5	-10.0	6.3	GDGN0167	3779318278749421568	295	A00000894	1.0	0.01	0.0	15.0	6.0	1.7088	4.2147	214.285714	6.0	50.0	0.0
214.28	3779318282322968576	3779318278778781696	300	A00000961	311.9	100.0	1.4	336		22.71	-214.285714	2.5	-10.0	6.3	GDGN0168	3779318278787170304	301	A00000898	1.0	0.01	0.0	15.0	6.0	1.7088	4.2147	214.285714	6.0	50.0
2857.14	3779318282327162880	3779318278762004480	297	A00000896	681.6	100.0	2.16	337		55.3	-2857.142857	4.0	5.0	10.0	GDGN0155	3779318278749421568	295	A00000894	1.0	0.01	0.0	15.0	14.7	1.7088	4.2147	2857.142857	9.85	50.0
185.71	3779318282331357184	3779318278774587392	299	A00000963	394.4	100.0	1.4	338	A00003077	88.37	-185.71428600000002	2.5	-10.0	6.3	GDGN0169	3779318278762004480	297	A00000896	1.0	0.01	0.0	15.0	6.0	1.7088	4.2147	185.71428600000002	6.0	50.0	0.0
2857.14	3779318282331357185	3779318278766198784	298	A00000361	681.6	100.0	2.16	339		33.49	-2857.142857	4.0	5.0	10.0	GDGN0156	3779318278762004480	297	A00000896	1.0	0.01	0.0	15.0	14.7	1.7088	4.2147	2857.142857	9.85	50.0
2857.14	3779318282339745793	3779318278720061440	291	A00000900	992.0	100.0	1.35	342		151.0	-2857.142857	4.0	5.0	10.0	GDGN0190	3779318278736838656	293	A00000396	1.0	0.01	0.0	11.0	12.0	1.6365	4.2147	2857.142857	9.85	50.0
2857.14	3779318282343940096	3779318278736838656	293	A00000396	996.0	100.0	1.35	343		65.0	-2857.142857	4.0	5.0	10.0	GDGN0189	3779318278741032960	294	A00000394	1.0	0.01	0.0	11.0	10.0	1.6365	4.2147	2857.142857	9.85	50.0
2857.14	3779318282352328704	3779318278715867136	290	A00000905	992.0	100.0	1.35	345		42.0	-2857.142857	4.0	5.0	10.0	GDGN0192	3779318278728450048	292	A00000902	1.0	0.01	0.0	11.0	12.0	1.6365	4.2147	2857.142857	9.85	50.0
2857.14	3779318282352328705	3779318278728450048	292	A00000902	992.0	100.0	1.35	346		64.0	-2857.142857	4.0	5.0	10.0	GDGN0191	3779318278720061440	291	A00000900	1.0	0.01	0.0	11.0	12.0	1.6365	4.2147	2857.142857	9.85	50.0
9714.28	3779318283363155969	3779318281022734336	627	A00000017	691.0	100.0	1.4	647		48.11	-9714.285714	4.0	0.0	10.0	GDGN0172	3779318278812336128	305	A00000562	1.0	0.01	0.0	15.0	10.0	2.3505	4.2147	9714.285714	9.85	50.0
857.14	3779318283379933185	3779318280049655808	485	A00002685	1169.0	100.0	1.38	649	A00003112	4.15	0.0	1.5	-10.0	10.0	GDGN0332	3779318279252738048	368	A00000452	1.0	0.01	0.0	12.0	25.0	0.6813	2.189	857.142857	6.0	50.0	0.0
42.8571	dummy_1	dummy_1	dummy_1	dummy_1	982.0	100.0	1.75	dummy_1	#N/A	21.2		0.0	0.0		dummy_1	3779318280028684288	3779318280028684288	A00002678	1.0	0.01		12.0	9.0	1.4903	1.4903		100.0	50.0	0.0	100.0
85.7142	dummy_2	3779318279076577280	3779318279076577280	A00002346	1164.0	100.0	1.75	dummy_2	#N/A	96.8		0.0	0.0		dummy_2	dummy_2	dummy_2	dummy_2	1.0	0.01		15.600000000000023	9.0	0.6813	0.6813		100.0	50.0	0.0	100.0
48.571400000000004	dummy_3	3779318279059800064	3779318279059800064	A00000416	981.0	100.0	1.75	dummy_3	#N/A	62.23		0.0	0.0		dummy_3	dummy_3	dummy_3	dummy_3	1.0	0.01		15.0	9.0	1.1994	1.1994		100.0	50.0	0.0	100.0
28.571399999999997	dummy_4	dummy_4	dummy_4	dummy_4	992.0	100.0	1.75	dummy_4	#N/A	83.0		0.0	0.0		dummy_4	3779318278715867136	3779318278715867136	A00000905	1.0	0.01		11.0	9.0	1.6365	1.6365		100.0	50.0	0.0	100.0
28.571399999999997	dummy_5	dummy_5	dummy_5	dummy_5	681.6	100.0	1.75	dummy_5	#N/A	57.0		0.0	0.0		dummy_5	3779318278749421568	3779318278749421568	A00000894	1.0	0.01		15.0	9.0	1.7088	1.7088		100.0	50.0	0.0	100.0
