name	code	has_compressor	comp_ratio	pressure_upper	pressure_lower	lowest_temp	highest_temp	elevation	A00001516	A00001517	sub_division	valve	idx
A00001111	3779318276715184128	A00001518	1.4	11.85	6.0	0.0	20.0	635.0	A00001519	A00001520	0		1
A00001088	3779318276727767040		1.4	11.85	6.0	0.0	20.0	635.0	A00001521	A00001522	0		2
A00001523	3779318276736155648	A00001524	1.4	11.85	6.0	0.0	20.0	390.0	A00001525	A00001526	0		3
A00001090	3779318276740349952	A00001527	1.4	11.85	6.0	0.0	20.0	390.0	A00001528	A00001529	0		4
A00001530	3779318276748738560	A00001531	1.4	11.85	6.0	0.0	20.0	570.0	A00001532	A00001533	0		5
A00001092	3779318276757127168	A00001534	1.4	11.85	6.0	0.0	20.0	570.0	A00001535	A00001536	0		6
A00001537	3779318276761321472	A00001538	1.4	11.85	6.0	0.0	20.0	590.0	A00001539	A00001540	0		7
A00001096	3779318276769710080	A00001541	1.4	11.85	6.0	0.0	20.0	590.0	A00001542	A00001543	0		8
A00001134	3779318276815847424		1.4	11.85	6.0	0.0	20.0	528.0	A00001544	A00001545	0		9
A00001546	3779318276824236032		1.4	11.85	6.0	0.0	20.0	528.0	A00001547	A00001545	0		10
A00001094	3779318276832624640		1.4	11.85	6.0	0.0	20.0	570.0	A00001548	A00001549	0		11
A00001550	3779318276836818944		1.4	11.85	6.0	0.0	20.0	546.0	A00001551	A00001552	0		12
A00001553	3779318276845207552		1.4	11.85	6.0	0.0	20.0	688.0	A00001554	A00001555	0		13
A00001098	3779318276849401856		1.4	11.85	6.0	0.0	20.0	688.0	A00001556	A00001557	0		14
A00001558	3779318276857790464	A00001559	1.4	11.85	6.0	0.0	20.0	1188.0	A00001560	A00001561	0		15
A00001101	3779318276861984768	A00001562	1.4	11.85	6.0	0.0	20.0	1188.0	A00001563	A00001564	0		16
A00001565	3779318276870373376		1.4	11.85	6.0	0.0	20.0	626.0	A00001566	A00001567	0		17
A00001104	3779318276874567680		1.4	9.85	4.0	0.0	20.0	635.0	A00001568	A00001569	0		18
A00001570	3779318276882956288	A00001571	1.4	11.85	6.0	0.0	20.0	680.0	A00001572	A00001573	0		19
A00001574	3779318276887150592	A00001575	1.4	11.85	6.0	0.0	20.0	680.0	A00001576	A00001577	0		20
A00001578	3779318276895539200	A00001579	1.4	11.85	6.0	0.0	20.0	730.0	A00001580	A00001581	0		21
A00001582	3779318276903927808		1.4	11.85	6.0	0.0	20.0	730.0	A00001583	A00001584	0		22
A00001106	3779318276908122112		1.4	11.85	6.0	0.0	20.0	629.0	A00001585	A00001586	0		23
A00001587	3779318276916510720	A00001588	1.4	11.85	6.0	0.0	20.0	730.0	A00001589	A00001590	0		24
A00001591	3779318276920705024		1.4	11.85	6.0	0.0	20.0	730.0	A00001592	A00001593	0		25
A00001594	3779318276929093632		1.4	11.85	6.0	0.0	20.0	730.0	A00001595	A00001596	0		26
A00001597	3779318276937482240		1.4	11.85	6.0	0.0	20.0	730.0	A00001598	A00001599	0		27
A00001451	3779318276950065152		1.4	11.85	6.0	0.0	20.0	689.0	A00001600	A00001601	0		28
A00001412	3779318276954259456	A00001602	1.4	11.85	6.0	0.0	20.0	674.0	A00001603	A00001604	0		29
A00001128	3779318276962648064		1.4	6.0	1.5	0.0	20.0	688.0	A00001605	A00001606	0		30
A00001123	3779318276966842368		1.4	6.0	1.5	0.0	20.0	688.0	A00001607	A00001608	0		31
A00001119	3779318276975230976		1.4	4.0	1.5	0.0	20.0	985.0	A00001609	A00001610	0		32
A00001611	3779318276983619584		1.4	4.0	1.5	0.0	20.0	649.0	A00001612	A00001613	0		33
A00001614	3779318276987813888		1.4	4.0	1.5	0.0	20.0	1139.0	A00001615	A00001616	0		34
A00001117	3779318276996202496		1.4	4.0	1.5	0.0	20.0	1139.0	A00001617	A00001618	0		35
A00001115	3779318277004591104		1.4	4.0	1.5	0.0	20.0	626.0	A00001619	A00001620	0		36
A00001113	3779318277008785408	A00001621	1.4	9.85	4.0	0.0	20.0	930.0	A00001622	A00001623	0		37
A00001624	3779318277017174016		1.4	9.85	4.0	0.0	20.0	930.0	A00001625	A00001626	0		38
A00001086	3779318277021368320		1.4	6.0	2.5	0.0	20.0	929.0	A00001625	A00001627	0		39
A00001628	3779318277029756928	A00001629	1.4	9.85	4.0	0.0	20.0	1078.0	A00001630	A00001631	0		40
A00001322	3779318277033951232	A00001632	1.4	9.85	4.0	0.0	20.0	1078.0	A00001633	A00001634	0		41
A00001325	3779318277042339840	A00001635	1.4	9.85	4.0	0.0	20.0	1164.0	A00001636	A00001637	0		42
A00001328	3779318277046534144	A00001638	1.4	9.85	4.0	0.0	20.0	815.0	A00001639	A00001640	0		43
A00001641	3779318277054922752		1.4	9.85	4.0	0.0	20.0	1084.0	A00001642	A00001643	0		44
A00001131	3779318277063311360		1.4	9.85	4.0	0.0	20.0	1084.0	A00001644	A00001645	0		45
A00001646	3779318277067505664	A00001647	1.4	9.85	4.0	0.0	20.0	900.0	A00001648	A00001649	0		46
A00001109	3779318277075894272		1.4	9.85	4.0	0.0	20.0	1084.0	A00001650	A00001651	0		47
A00001121	3779318277080088576		1.4	6.0	2.5	0.0	20.0	948.0	A00001652	A00001653	0		48
A00001654	3779318277088477184		1.4	6.0	2.5	0.0	20.0	904.0	A00001655	A00001656	0		49
A00001657	3779318277092671488		1.4	6.0	2.5	0.0	20.0	974.0	A00001658	A00001653	0		50
A00001399	3779318277101060096	A00001659	1.6	11.85	6.0	0.0	20.0	674.0	A00001660	A00001661	0		51
A00001331	3779318277105254400	A00001662	1.4	9.85	4.0	0.0	20.0	1070.0	A00001663	A00001664	0		52
A00001415	3779318277113643008	A00001665	1.4	11.85	6.0	0.0	20.0	1629.0	A00001666	A00001667	0		53
A00001402	3779318277117837312	A00001668	1.4	11.85	6.0	0.0	20.0	1629.0	A00001669	A00001670	0		54
A00001337	3779318277126225920	A00001671	1.4	9.85	4.0	0.0	20.0	1627.0	A00001672	A00001673	0		55
A00001674	3779318277134614528	A00001675	1.4	11.85	6.0	0.0	20.0	1387.0	A00001676	A00001677	0		56
A00001678	3779318277138808832	A00001679	1.4	11.85	6.0	0.0	20.0	1387.0	A00001680	A00001681	0		57
A00001334	3779318277151391744	A00001682	1.4	9.85	4.0	0.0	20.0	969.0	A00001683	A00001684	0		58
A00001340	3779318277159780352	A00001685	1.4	9.85	4.0	0.0	20.0	1416.0	A00001686	A00001687	0		59
A00001688	3779318277163974656	A00001689	1.4	11.85	6.0	0.0	20.0	1625.0	A00001690	A00001691	0		60
A00000126	3779318277172363264	A00001692	1.4	11.85	6.0	0.0	20.0	1625.0	A00001693	A00001694	0		61
A00001343	3779318277180751872	A00001695	1.4	9.85	4.0	0.0	20.0	1867.0	A00001696	A00001697	0		62
A00000135	3779318277189140480		1.4	9.85	4.0	0.0	20.0	1416.0	A00001698	A00001699	0		63
A00001700	3779318277193334784	A00001701	1.4	11.85	6.0	0.0	20.0	1458.0	A00001702	A00001703	0		64
A00000128	3779318277201723392	A00001704	1.4	11.85	6.0	0.0	20.0	1458.0	A00001705	A00001706	0		65
A00001346	3779318277205917696		1.4	9.85	4.0	0.0	20.0	1437.0	A00001707	A00001708	0		66
A00001709	3779318277214306304	A00001710	1.4	11.85	6.0	0.0	20.0	2269.0	A00001711	A00001712	0		67
A00001713	3779318277218500608	A00001714	1.4	11.85	6.0	0.0	20.0	2269.0	A00001715	A00001716	0		68
A00000131	3779318277226889216		1.4	11.85	6.0	0.0	20.0	1458.0	A00001717	A00001718	0		69
A00000162	3779318277231083520		1.4	6.0	1.5	0.0	20.0	1935.0	A00001719	A00001720	0		70
A00001352	3779318277239472128	A00001721	1.4	9.85	4.0	0.0	20.0	1842.0	A00001722	A00001723	0		71
A00001409	3779318277243666432	A00001724	1.4	11.85	6.0	0.0	20.0	1838.0	A00001725	A00001726	0		72
A00001727	3779318277252055040	A00001728	1.4	11.85	6.0	0.0	20.0	1838.0	A00001729	A00001730	0		73
A00001355	3779318277256249344	A00001731	1.4	9.85	4.0	0.0	20.0	1856.0	A00001732	A00001733	0		74
A00001349	3779318277264637952	A00001734	1.4	9.85	4.0	0.0	20.0	1920.0	A00001735	A00001736	0		75
A00000133	3779318277268832256		1.4	11.85	6.0	0.0	20.0	1663.0	A00001737	A00001738	0		76
A00001739	3779318277277220864		1.4	11.85	6.0	0.0	20.0	1256.0	A00001740	A00001741	0		77
A00000816	3779318277285609472		1.4	11.85	6.0	0.0	20.0	1256.0	A00001742	A00001743	0		78
A00001358	3779318277293998080	A00001744	1.4	9.85	4.0	0.0	20.0	1247.0	A00001745	A00001746	0		79
A00001747	3779318277306580992		1.4	9.85	4.0	0.0	20.0	1250.0	A00001748	A00001749	1		80
A00001750	3779318277310775296		1.4	11.85	6.0	0.0	20.0	1686.0	A00001751	A00001752	0		81
A00001753	3779318277319163904		1.4	6.0	2.5	0.0	20.0	1647.0	A00001754	A00001755	0		82
A00001756	3779318277327552512		1.4	11.85	6.0	0.0	20.0	1686.0	A00001757	A00001758	0		83
A00001759	3779318277331746816		1.4	11.85	6.0	0.0	20.0	1686.0	A00001760	A00001761	0		84
A00000829	3779318277340135424		1.4	9.85	4.0	0.0	20.0	1682.0	A00001762	A00001763	0		85
A00001764	3779318277344329728	A00001765	1.4	11.85	6.0	0.0	20.0	1572.0	A00001766	A00001767	0		86
A00000826	3779318277352718336	A00001768	1.4	9.85	4.0	0.0	20.0	1572.0	A00001769	A00001770	0		87
A00001042	3779318277356912640	A00001771	1.4	9.85	4.0	0.0	20.0	1536.0	A00001772	A00001773	0		88
A00000820	3779318277365301248		1.4	9.85	4.0	0.0	20.0	1342.0	A00001774	A00001775	0		89
A00001776	3779318277373689856		1.4	9.85	4.0	0.0	20.0	1193.0	A00001777	A00001778	0		90
A00000822	3779318277382078464		1.4	9.85	4.0	0.0	20.0	1347.0	A00001779	A00001780	0		91
A00001781	3779318277386272768		1.4	11.85	6.0	0.0	20.0	1333.0	A00001782	A00001783	0		92
A00001784	3779318277394661376		1.4	9.85	4.0	0.0	20.0	1333.0	A00001785	A00001786	0		93
A00001373	3779318277403049984	A00001787	1.4	9.85	4.0	0.0	20.0	1325.0	A00001788	A00001789	0		94
A00001790	3779318277407244288	A00001791	1.4	9.85	4.0	0.0	20.0	1329.0	A00001792	A00001793	0		95
A00001794	3779318277415632896	A00001795	1.4	9.85	4.0	0.0	20.0	1464.0	A00001796	A00001797	0		96
A00000854	3779318277419827200	A00001798	1.4	9.85	4.0	0.0	20.0	1187.0	A00001799	A00001800	0		97
A00001015	3779318277428215808		1.4	6.0	2.5	0.0	20.0	1182.0	A00001801	A00001802	0		98
A00000991	3779318277432410112		1.4	9.85	4.0	0.0	20.0	1187.0	A00001803	A00001804	0		99
A00001805	3779318277440798720	A00001806	1.4	9.85	4.0	0.0	20.0	914.0	A00001807	A00001808	0		100
A00001024	3779318277444993024		1.4	9.85	4.0	0.0	20.0	1188.0	A00001809	A00001810	0		101
A00001020	3779318277453381632		1.4	6.0	2.5	0.0	20.0	934.0	A00001811	A00001812	0		102
A00001016	3779318277461770240		1.4	6.0	2.5	0.0	20.0	1127.0	A00001813	A00001814	0		103
A00001018	3779318277465964544		1.4	6.0	2.5	0.0	20.0	1127.0	A00001815	A00001816	0		104
A00001022	3779318277470158848	A00001817	1.4	6.0	2.5	0.0	20.0	1087.0	A00001818	A00001819	0		105
A00000985	3779318277478547456		1.4	6.0	2.5	0.0	20.0	1527.0	A00001820	A00001821	0		106
A00000987	3779318277486936064		1.4	6.0	2.5	0.0	20.0	1074.0	A00001822	A00001823	0		107
A00000265	3779318277491130368	A00001824	1.4	6.0	2.5	0.0	20.0	1028.0	A00001825	A00001826	0		108
A00000989	3779318277499518976	A00001827	1.4	6.0	2.5	0.0	20.0	943.0	A00001828	A00001829	0		109
A00001830	3779318277507907584		1.4	6.0	2.5	0.0	20.0	41.0	A00001831	A00001832	0		110
A00000268	3779318277516296192		1.4	6.0	2.5	0.0	20.0	41.0	A00001833	A00001834	0		111
A00000038	3779318277520490496		1.4	6.0	2.5	0.0	20.0	40.0	A00001835	A00001836	0		112
A00000993	3779318277528879104		1.4	9.85	4.0	0.0	20.0	1233.0	A00001837	A00001838	0		113
A00000996	3779318277533073408	A00001839	1.4	9.85	4.0	0.0	20.0	993.0	A00001840	A00001841	0		114
A00000999	3779318277541462016		1.4	9.85	4.0	0.0	20.0	954.0	A00001842	A00001843	0		115
A00000272	3779318277549850624		1.4	9.85	4.0	0.0	20.0	88.0	A00001844	A00001845	0		116
A00000276	3779318277554044928		1.4	9.85	4.0	0.0	20.0	88.0	A00001846	A00001847	0		117
A00000279	3779318277562433536		1.4	9.85	4.0	0.0	20.0	70.0	A00001848	A00001849	0		118
A00000043	3779318277566627840	A00001850	1.4	9.85	4.0	0.0	20.0	61.0	A00001851	A00001852	0		119
A00000048	3779318277575016448	A00001853	1.4	9.85	4.0	0.0	20.0	25.0	A00001854	A00001855	0		120
A00000282	3779318277583405056		1.4	9.85	4.0	0.0	20.0	7.0	A00001856	A00001857	0		121
A00000383	3779318277587599360		1.4	9.85	4.0	0.0	20.0	7.0	A00001858	A00001859	0		122
A00000285	3779318277595987968		1.4	9.85	4.0	0.0	20.0	1.0	A00001860	A00001861	0		123
A00000297	3779318277600182272		1.4	9.85	4.0	0.0	20.0	4.0	A00001862	A00001863	0		124
A00000287	3779318277608570880		1.4	9.85	4.0	0.0	20.0	8.0	A00001864	A00001865	0		125
A00001078	3779318277612765184		1.4	9.85	4.0	0.0	20.0	2.0	A00001866	A00001867	0		126
A00001080	3779318277621153792		1.4	9.85	4.0	0.0	20.0	3.0	A00001868	A00001869	0		127
A00001069	3779318277625348096		1.4	9.85	4.0	0.0	20.0	2.0	A00001870	A00001871	0		128
A00000294	3779318277633736704		1.4	9.85	4.0	0.0	20.0	30.0	A00001872	A00001873	0		129
A00000270	3779318277642125312		1.4	6.0	2.5	0.0	20.0	32.0	A00001874	A00001875	0		130
A00001001	3779318277646319616	A00001876	1.4	9.85	4.0	0.0	20.0	1164.0	A00001877	A00001878	0		131
A00001004	3779318277654708224	A00001879	1.4	9.85	4.0	0.0	20.0	986.0	A00001880	A00001881	0		132
A00001007	3779318277658902528		1.4	9.85	4.0	0.0	20.0	1254.0	A00001882	A00001883	0		133
A00000301	3779318277667291136		1.4	9.85	4.0	0.0	20.0	398.0	A00001884	A00001885	0		134
A00001886	3779318277675679744	A00001887	1.4	9.85	4.0	0.0	20.0	58.0	A00001888	A00001889	0		135
A00001363	3779318277684068352	A00001890	1.4	9.85	4.0	0.0	20.0	1327.0	A00001891	A00001892	0		136
A00000354	3779318277688262656	A00001893	1.4	9.85	4.0	0.0	20.0	25.0	A00001894	A00001895	0		137
A00001896	3779318277696651264	A00001897	1.4	6.0	2.5	0.0	20.0	3242.0	A00001898	A00001899	0		138
A00000304	3779318277700845568		1.4	9.85	4.0	0.0	20.0	6.0	A00001900	A00001901	0		139
A00000778	3779318277709234176	A00001902	1.4	9.85	4.0	0.0	20.0	1531.0	A00001903	A00001904	0		140
A00001905	3779318277717622784	A00001906	1.4	9.85	4.0	0.0	20.0	995.0	A00001907	A00001908	0		141
A00000357	3779318277721817088		1.4	9.85	4.0	0.0	20.0	20.0	A00001909	A00001910	0		142
A00000308	3779318277730205696	A00001911	1.6	9.85	4.0	0.0	20.0	666.0	A00001912	A00001913	0		143
A00000064	3779318277738594304		1.4	9.85	4.0	0.0	20.0	534.0	A00001914	A00001915	0		144
A00000066	3779318277746982912		1.4	9.85	4.0	0.0	20.0	50.0	A00001916	A00001917	0		145
A00000076	3779318277751177216		1.4	9.85	4.0	0.0	20.0	43.0	A00001918	A00001919	0		146
A00000060	3779318277759565824		1.4	9.85	4.0	0.0	20.0	43.0	A00001920	A00001921	0		147
A00000062	3779318277763760128		1.4	9.85	4.0	0.0	20.0	43.0	A00001922	A00001923	0		148
A00001924	3779318277772148736		1.4	9.85	2.5	0.0	20.0	126.0	A00001925	A00001926	0		149
A00000068	3779318277776343040		1.4	9.85	2.5	0.0	20.0	126.0	A00001927	A00001928	0		150
A00001461	3779318277784731648	A00001929	1.4	7.5	2.5	0.0	20.0	450.0	A00001930	A00001931	0		151
A00000070	3779318277793120256		1.4	6.0	2.5	0.0	20.0	64.0	A00001932	A00001933	0		152
A00000041	3779318277797314560		1.4	6.0	2.5	0.0	20.0	59.0	A00001934	A00001935	0		153
A00000058	3779318277805703168		1.4	5.0	2.5	0.0	20.0	10.0	A00001936	A00001937	0		154
A00000074	3779318277809897472		1.4	5.0	2.5	0.0	20.0	10.0	A00001938	A00001939	0		155
A00000053	3779318277818286080		1.4	9.85	4.0	0.0	20.0	15.0	A00001940	A00001941	0		156
A00000055	3779318277822480384		1.4	9.85	4.0	0.0	20.0	20.0	A00001942	A00001943	0		157
A00000072	3779318277830868992		1.4	9.85	4.0	0.0	20.0	16.0	A00001944	A00001945	0		158
A00000326	3779318277835063296		1.4	9.85	4.0	0.0	20.0	5.0	A00001946	A00001947	0		159
A00000324	3779318277843451904		1.4	9.85	4.0	0.0	20.0	11.0	A00001948	A00001949	0		160
A00000375	3779318277847646208		1.4	9.85	4.0	0.0	20.0	6.0	A00001950	A00001951	0		161
A00001072	3779318277856034816		1.4	9.85	4.0	0.0	20.0	3.0	A00001952	A00001953	0		162
A00000310	3779318277868617728		1.4	9.85	4.0	0.0	20.0	13.0	A00001954	A00001955	0		163
A00000333	3779318277872812032		1.4	9.85	4.0	0.0	20.0	69.0	A00001956	A00001957	0		164
A00000337	3779318277881200640		1.4	9.85	4.0	0.0	20.0	42.0	A00001958	A00001959	0		165
A00000372	3779318277889589248		1.4	9.85	4.0	0.0	20.0	56.0	A00001960	A00001961	0		166
A00000335	3779318277893783552		1.4	9.85	4.0	0.0	20.0	42.0	A00001962	A00001963	0		167
A00001964	3779318277902172160		1.4	9.85	4.0	0.0	20.0	58.0	A00001965	A00001966	0		168
A00000698	3779318277906366464		1.4	9.85	4.0	0.0	20.0	59.0	A00001967	A00001968	0		169
A00000763	3779318277914755072		1.4	6.0	2.5	0.0	20.0	59.0	A00001969	A00001970	0		170
A00000033	3779318277918949376		1.4	9.85	4.0	0.0	20.0	38.0	A00001971	A00001972	0		171
A00000704	3779318277927337984		1.4	9.85	4.0	0.0	20.0	7.0	A00001973	A00001974	0		172
A00001975	3779318277935726592		1.4	9.85	4.0	0.0	20.0	15.0	A00001976	A00001977	0		173
A00000710	3779318277939920896		1.4	6.0	2.5	0.0	20.0	7.0	A00001978	A00001979	0		174
A00000765	3779318277948309504		1.4	6.0	1.0	0.0	20.0	50.0	A00001980	A00001981	0		175
A00000331	3779318277952503808	A00001982	1.4	9.85	4.0	0.0	20.0	29.0	A00001983	A00001984	0		176
A00000322	3779318277960892416		1.4	9.85	1.5	0.0	20.0	3.0	A00001985	A00001986	0		177
A00000380	3779318277965086720	A00001987	1.4	9.85	1.5	0.0	20.0	20.0	A00001988	A00001989	0		178
A00000701	3779318277973475328		1.4	9.85	4.0	0.0	20.0	50.0	A00001990	A00001991	0		179
A00000767	3779318277977669632	A00001992	1.4	9.85	4.0	0.0	20.0	7.0	A00001993	A00001994	0		180
A00000752	3779318277986058240		1.4	9.85	4.0	0.0	20.0	35.3	A00001995	A00001996	0		181
A00000712	3779318277994446848		1.4	9.85	4.0	0.0	20.0	30.0	A00001997	A00001998	0		182
A00000773	3779318278002835456		1.4	6.0	2.5	0.0	20.0	30.0	A00001999	A00002000	0		183
A00000706	3779318278007029760		1.4	9.85	4.0	0.0	20.0	8.0	A00002001	A00002002	0		184
A00000035	3779318278011224064		1.4	9.85	4.0	0.0	20.0	12.0	A00002003	A00002004	0		185
A00000708	3779318278019612672		1.4	9.85	4.0	0.0	20.0	26.0	A00002005	A00002006	0		186
A00000754	3779318278028001280		1.4	9.85	4.0	0.0	20.0	54.0	A00002007	A00002008	0		187
A00000756	3779318278032195584		1.4	9.85	4.0	0.0	20.0	113.0	A00002009	A00002010	0		188
A00000758	3779318278040584192		1.4	9.85	4.0	0.0	20.0	124.0	A00002011	A00002012	0		189
A00000761	3779318278044778496		1.4	9.85	4.0	0.0	20.0	124.0	A00002013	A00002014	0		190
A00000533	3779318278053167104		1.4	9.85	4.0	0.0	20.0	163.0	A00002015	A00002016	0		191
A00000535	3779318278057361408		1.4	9.85	4.0	0.0	20.0	176.0	A00002017	A00002018	0		192
A00000549	3779318278065750016		1.4	9.85	4.0	0.0	20.0	208.9	A00002019	A00002020	0		193
A00000543	3779318278069944320		1.4	6.0	2.5	0.0	20.0	210.0	A00002021	A00002022	0		194
A00000729	3779318278078332928		1.4	9.85	4.0	0.0	20.0	3.0	A00002023	A00002024	0		195
A00000750	3779318278082527232		1.4	9.85	4.0	0.0	20.0	3.0	A00002025	A00002026	0		196
A00001508	3779318278090915840		1.4	9.85	4.0	0.0	20.0	3.0	A00002027	A00002028	0		197
A00000547	3779318278095110144		1.4	6.0	2.5	0.0	20.0	209.0	A00002029	A00002030	0		198
A00000554	3779318278103498752		1.4	6.0	2.5	0.0	20.0	187.0	A00002031	A00002032	0		199
A00000545	3779318278111887360		1.4	6.0	2.5	0.0	20.0	188.0	A00002033	A00002034	0		200
A00001244	3779318278116081664		1.4	6.0	2.5	0.0	20.0	175.0	A00002035	A00002036	0		201
A00000537	3779318278124470272		1.4	6.0	2.5	0.0	20.0	163.0	A00002037	A00002038	0		202
A00000541	3779318278128664576		1.4	6.0	2.5	0.0	20.0	163.0	A00002039	A00002040	0		203
A00000552	3779318278137053184		1.4	9.85	4.0	0.0	20.0	163.0	A00002041	A00002042	0		204
A00000539	3779318278141247488		1.4	6.0	2.5	0.0	20.0	163.0	A00002043	A00002044	0		205
A00002045	3779318278149636096	A00002046	1.6	9.85	4.0	0.0	20.0	70.0	A00002047	A00002048	0		206
A00000720	3779318278153830400		1.4	9.85	4.0	0.0	20.0	157.0	A00002049	A00002050	0		207
A00000718	3779318278162219008		1.4	9.85	4.0	0.0	20.0	60.0	A00002051	A00002052	0		208
A00002053	3779318278170607616		1.4	6.0	2.5	0.0	20.0	61.0	A00002054	A00002055	0		209
A00000716	3779318278174801920		1.4	9.85	4.0	0.0	20.0	3.0	A00002056	A00002057	0		210
A00000723	3779318278183190528		1.4	9.85	4.0	0.0	20.0	52.0	A00002058	A00002059	0		211
A00000725	3779318278187384832		1.4	9.85	4.0	0.0	20.0	85.0	A00002060	A00002061	0		212
A00000727	3779318278195773440		1.4	9.85	4.0	0.0	20.0	27.0	A00002062	A00002063	0		213
A00000775	3779318278204162048		1.4	6.0	2.5	0.0	20.0	110.0	A00002064	A00002065	0		214
A00000741	3779318278212550656		1.4	9.85	4.0	0.0	20.0	15.0	A00002066	A00002067	0		215
A00000746	3779318278216744960		1.4	6.0	2.5	0.0	20.0	70.0	A00002068	A00002069	0		216
A00000743	3779318278225133568		1.4	9.85	4.0	0.0	20.0	15.0	A00002070	A00002071	0		217
A00000737	3779318278233522176		1.4	9.85	4.0	0.0	20.0	7.0	A00002072	A00002073	0		218
A00000733	3779318278241910784		1.4	9.85	4.0	0.0	20.0	10.0	A00002074	A00002075	0		219
A00000735	3779318278246105088		1.4	9.85	4.0	0.0	20.0	10.0	A00002076	A00002077	0		220
A00001063	3779318278254493696		1.4	5.0	2.5	0.0	20.0	2.0	A00002078	A00002079	0		221
A00001067	3779318278258688000		1.4	4.5	2.5	0.0	20.0	2.0	A00002080	A00002081	0		222
A00001076	3779318278267076608		1.4	4.5	2.5	0.0	20.0	2.0	A00002082	A00002083	0		223
A00000370	3779318278271270912		1.4	4.0	1.5	0.0	20.0	13.0	A00002084	A00002085	0		224
A00002086	3779318278279659520		1.4	4.0	1.5	0.0	20.0	12.0	A00002087	A00002088	0		225
A00000367	3779318278283853824		1.4	4.0	1.5	0.0	20.0	12.0	A00002089	A00002090	0		226
A00000955	3779318278292242432		1.4	4.0	1.5	0.0	20.0	28.0	A00002091	A00002092	0		227
A00002093	3779318278296436736		1.4	4.0	1.5	0.0	20.0	25.0	A00002094	A00002095	0		228
A00000364	3779318278304825344		1.4	4.0	1.5	0.0	20.0	25.0	A00002096	A00002097	0		229
A00000339	3779318278309019648		1.4	9.85	4.0	0.0	20.0	1.0	A00002098	A00002099	0		230
A00000345	3779318278317408256	A00002100	1.4	4.0	1.5	0.0	20.0	7.0	A00002101	A00002102	0		231
A00000951	3779318278321602560		1.4	4.0	1.5	0.0	20.0	33.0	A00002103	A00002104	0		232
A00000953	3779318278329991168		1.4	4.0	1.5	0.0	20.0	27.0	A00002105	A00002106	0		233
A00000949	3779318278338379776		1.4	4.0	1.5	0.0	20.0	37.0	A00002107	A00002108	0		234
A00002109	3779318278346768384		1.4	4.0	1.5	0.0	20.0	50.0	A00002110	A00002111	0		235
A00000349	3779318278355156992		1.4	4.0	1.5	0.0	20.0	9.0	A00002112	A00002113	0		236
A00000351	3779318278359351296		1.4	4.0	1.5	0.0	20.0	9.0	A00002114	A00002115	0		237
A00000859	3779318278367739904		1.4	4.0	1.5	0.0	20.0	9.0	A00002116	A00002117	0		238
A00002118	3779318278376128512		1.4	4.0	1.5	0.0	20.0	9.0	A00002119	A00002120	0		239
A00000860	3779318278380322816		1.4	4.0	1.5	0.0	20.0	9.0	A00002121	A00002122	0		240
A00000862	3779318278388711424		1.4	4.0	1.5	0.0	20.0	9.0	A00002123	A00002124	0		241
A00000864	3779318278392905728		1.4	4.0	1.5	0.0	20.0	17.0	A00002125	A00002126	0		242
A00000866	3779318278401294336		1.4	4.0	1.5	0.0	20.0	13.0	A00002127	A00002128	0		243
A00000869	3779318278405488640		1.4	4.0	1.5	0.0	20.0	12.0	A00002129	A00002130	0		244
A00000872	3779318278413877248		1.4	4.0	1.5	0.0	20.0	12.0	A00002131	A00002132	0		245
A00000875	3779318278422265856		1.4	4.0	1.5	0.0	20.0	12.0	A00002133	A00002134	0		246
A00000877	3779318278426460160		1.4	4.0	1.5	0.0	20.0	12.0	A00002135	A00002136	0		247
A00000958	3779318278434848768		1.4	4.0	1.5	0.0	20.0	26.0	A00002137	A00002138	0		248
A00002139	3779318278443237376		1.4	4.0	1.5	0.0	20.0	26.0	A00002140	A00002141	0		249
A00000937	3779318278447431680		1.4	6.0	2.5	0.0	20.0	50.0	A00002142	A00002143	0		250
A00000934	3779318278455820288		1.4	6.0	2.5	0.0	20.0	50.0	A00002144	A00002145	0		251
A00000932	3779318278460014592		1.4	6.0	2.5	0.0	20.0	150.0	A00002146	A00002147	0		252
A00000912	3779318278468403200		1.4	9.85	4.0	0.0	20.0	366.0	A00002148	A00002149	0		253
A00000910	3779318278472597504		1.4	9.85	4.0	0.0	20.0	207.0	A00002150	A00002151	0		254
A00000939	3779318278480986112		1.4	6.0	2.5	0.0	20.0	154.0	A00002152	A00002153	0		255
A00000942	3779318278485180416		1.4	6.0	2.5	0.0	20.0	154.0	A00002154	A00002155	0		256
A00000944	3779318278493569024		1.4	6.0	2.5	0.0	20.0	154.0	A00002156	A00002157	0		257
A00002158	3779318278497763328		1.4	6.0	2.5	0.0	20.0	154.0	A00002159	A00002160	0		258
A00002161	3779318278506151936		1.4	6.0	2.5	0.0	20.0	154.0	A00002162	A00002163	0		259
A00002164	3779318278510346240		1.4	6.0	2.5	0.0	20.0	154.0	A00002165	A00002166	0		260
A00002167	3779318278518734848		1.4	6.0	2.5	0.0	20.0	154.0	A00002168	A00002169	0		261
A00000947	3779318278527123456		1.4	6.0	2.5	0.0	20.0	154.0	A00002170	A00002171	0		262
A00000980	3779318278535512064		1.4	6.0	2.5	0.0	20.0	154.0	A00002172	A00002173	0		263
A00000885	3779318278539706368		1.4	9.85	4.0	0.0	20.0	42.0	A00002174	A00002175	0		264
A00000889	3779318278543900672	A00002176	1.4	9.85	4.0	0.0	20.0	150.0	A00002177	A00002178	0		265
A00002179	3779318278552289280	A00002180	1.4	9.85	4.0	0.0	20.0	151.0	A00002181	A00002182	0		266
A00000907	3779318278560677888		1.4	9.85	4.0	0.0	20.0	146.0	A00002183	A00002184	0		267
A00000976	3779318278569066496		1.4	6.0	2.5	0.0	20.0	207.0	A00002185	A00002186	0		268
A00000914	3779318278573260800		1.4	9.85	4.0	0.0	20.0	154.0	A00002187	A00002188	0		269
A00000916	3779318278581649408		1.4	9.85	4.0	0.0	20.0	118.0	A00002189	A00002190	0		270
A00000972	3779318278585843712		1.4	9.85	4.0	0.0	20.0	118.0	A00002191	A00002192	0		271
A00002193	3779318278594232320		1.4	9.85	4.0	0.0	20.0	118.0	A00002194	A00002195	0		272
A00000921	3779318278602620928		1.4	9.85	4.0	0.0	20.0	11.0	A00002196	A00002197	0		273
A00000982	3779318278606815232		1.4	9.85	4.0	0.0	20.0	35.0	A00002198	A00002199	0		274
A00000919	3779318278615203840		1.4	9.85	4.0	0.0	20.0	35.0	A00002200	A00002201	0		275
A00000927	3779318278619398144		1.4	9.85	4.0	0.0	20.0	10.0	A00002202	A00002203	0		276
A00002204	3779318278627786752		1.4	9.85	4.0	0.0	20.0	10.0	A00002205	A00002206	0		277
A00000974	3779318278631981056		1.4	9.85	4.0	0.0	20.0	10.0	A00002207	A00002208	0		278
A00002209	3779318278640369664		1.4	9.85	4.0	0.0	20.0	10.0	A00002210	A00002211	0		279
A00000359	3779318278644563968		1.4	9.85	4.0	0.0	20.0	20.0	A00002212	A00002213	0		280
A00000966	3779318278652952576		1.4	6.0	2.5	0.0	20.0	23.0	A00002214	A00002215	0		281
A00000879	3779318278657146880		1.4	9.85	4.0	0.0	20.0	23.0	A00002216	A00002217	0		282
A00000377	3779318278665535488		1.4	6.0	2.5	0.0	20.0	23.0	A00002218	A00002219	0		283
A00000924	3779318278669729792		1.4	9.85	4.0	0.0	20.0	10.0	A00002220	A00002221	0		284
A00000978	3779318278678118400		1.4	6.0	2.5	0.0	20.0	10.0	A00002222	A00002223	0		285
A00002224	3779318278686507008		1.4	9.85	4.0	0.0	20.0	22.0	A00002225	A00002226	0		286
A00000882	3779318278694895616		1.4	9.85	4.0	0.0	20.0	22.0	A00002227	A00002228	0		287
A00000930	3779318278699089920		1.4	9.85	4.0	0.0	20.0	10.0	A00002229	A00002230	0		288
A00000969	3779318278707478528		1.4	9.85	4.0	0.0	20.0	10.0	A00002231	A00002232	0		289
A00000905	3779318278715867136		1.4	9.85	4.0	0.0	20.0	41.0	A00002233	A00002234	0		290
A00000900	3779318278720061440	A00002235	1.4	9.85	4.0	0.0	20.0	48.0	A00002236	A00002237	0		291
A00000902	3779318278728450048		1.4	9.85	4.0	0.0	20.0	40.0	A00002238	A00002239	0		292
A00000396	3779318278736838656		1.4	9.85	4.0	0.0	20.0	57.0	A00002240	A00002241	0		293
A00000394	3779318278741032960		1.4	9.85	4.0	0.0	20.0	69.0	A00002242	A00002243	0		294
A00000894	3779318278749421568		1.4	9.85	4.0	0.0	20.0	96.0	A00002244	A00002245	0		295
A00000892	3779318278753615872		1.4	9.85	4.0	0.0	20.0	81.0	A00002246	A00002247	0		296
A00000896	3779318278762004480		1.4	9.85	4.0	0.0	20.0	160.0	A00002248	A00002249	0		297
A00000361	3779318278766198784		1.4	9.85	4.0	0.0	20.0	66.0	A00002250	A00002251	0		298
A00000963	3779318278774587392		1.4	6.0	2.5	0.0	20.0	160.0	A00002252	A00002253	0		299
A00000961	3779318278778781696		1.4	6.0	2.5	0.0	20.0	96.0	A00002254	A00002255	0		300
A00000898	3779318278787170304		1.4	6.0	2.5	0.0	20.0	96.0	A00002256	A00002257	0		301
A00000556	3779318278795558912	A00002258	1.4	9.85	4.0	0.0	20.0	24.0	A00002259	A00002260	0		302
A00000021	3779318278799753216		1.4	9.85	4.0	0.0	20.0	24.0	A00002261	A00002262	0		303
A00000558	3779318278808141824		1.4	9.85	4.0	0.0	20.0	20.0	A00002263	A00002264	0		304
A00000562	3779318278812336128		1.4	9.85	4.0	0.0	20.0	13.0	A00002265	A00002266	0		305
A00000560	3779318278820724736		1.4	9.85	4.0	0.0	20.0	15.0	A00002267	A00002268	0		306
A00000567	3779318278829113344		1.4	9.85	4.0	0.0	20.0	5.0	A00002269	A00002270	0		307
A00000570	3779318278833307648		1.4	9.85	4.0	0.0	20.0	2.0	A00002271	A00002272	0		308
A00000572	3779318278841696256		1.4	9.85	4.0	0.0	20.0	3.0	A00002273	A00002274	0		309
A00000575	3779318278845890560		1.4	9.85	4.0	0.0	20.0	6.0	A00002275	A00002276	0		310
A00000579	3779318278854279168		1.4	9.85	4.0	0.0	20.0	26.0	A00002277	A00002278	0		311
A00000581	3779318278862667776		1.4	9.85	4.0	0.0	20.0	6.0	A00002279	A00002280	0		312
A00000583	3779318278866862080		1.4	9.85	4.0	0.0	20.0	6.0	A00002281	A00002282	0		313
A00000585	3779318278875250688		1.4	9.85	4.0	0.0	20.0	6.0	A00002283	A00002284	0		314
A00002285	3779318278879444992		1.4	9.85	4.0	0.0	20.0	6.0	A00002286	A00002287	0		315
A00000587	3779318278887833600		1.4	9.85	4.0	0.0	20.0	6.0	A00002288	A00002289	0		316
A00000430	3779318278896222208	A00002290	1.4	9.85	4.0	0.0	20.0	6.0	A00002291	A00002292	0		317
A00000589	3779318278904610816		1.4	9.85	4.0	0.0	20.0	6.0	A00002293	A00002294	0		318
A00000592	3779318278912999424		1.4	9.85	4.0	0.0	20.0	24.0	A00002295	A00002296	0		319
A00000659	3779318278917193728		1.4	9.85	4.0	0.0	20.0	24.0	A00002297	A00002298	0		320
A00000595	3779318278925582336		1.4	9.85	4.0	0.0	20.0	24.0	A00002299	A00002300	0		321
A00002301	3779318278933970944		1.4	9.85	4.0	0.0	20.0	6.0	A00002302	A00002303	0		322
A00002304	3779318278938165248		1.4	9.85	4.0	0.0	20.0	0.2	A00002305	A00002306	0		323
A00000011	3779318278950748160		1.4	9.85	4.0	0.0	20.0	22.0	A00002307	A00002308	0		324
A00000027	3779318278954942464		1.4	6.0	2.5	0.0	20.0	61.0	A00002309	A00002310	0		325
A00000002	3779318278963331072	A00002311	1.4	9.85	4.0	0.0	20.0	61.0	A00002312	A00002313	0		326
A00000009	3779318278967525376		1.4	9.85	4.0	0.0	20.0	46.0	A00002314	A00002315	0		327
A00000624	3779318278975913984		1.4	9.85	4.0	0.0	20.0	4.0	A00002316	A00002317	0		328
A00000612	3779318278984302592		1.4	9.85	4.0	0.0	20.0	9.0	A00002318	A00002319	0		329
A00000617	3779318278988496896		1.4	9.85	4.0	0.0	20.0	4.0	A00002320	A00002321	0		330
A00000605	3779318278996885504		1.4	9.85	4.0	0.0	20.0	36.0	A00002322	A00002323	0		331
A00000609	3779318279001079808		1.4	9.85	4.0	0.0	20.0	6.0	A00002324	A00002325	0		332
A00000668	3779318279009468416		1.4	9.85	4.0	0.0	20.0	5.0	A00002326	A00002327	0		333
A00000007	3779318279017857024		1.4	9.85	4.0	0.0	20.0	28.0	A00002328	A00002329	0		334
A00000005	3779318279022051328		1.4	9.85	4.0	0.0	20.0	34.0	A00002330	A00002331	0		335
A00000398	3779318279030439936	A00002332	1.4	9.85	4.0	0.0	20.0	47.0	A00002333	A00002334	0		336
A00000425	3779318279038828544		1.4	9.85	4.0	0.0	20.0	159.0	A00002335	A00002336	0		337
A00000392	3779318279047217152		1.4	9.85	4.0	0.0	20.0	154.0	A00002337	A00002338	0		338
A00000389	3779318279055605760		1.4	9.85	4.0	0.0	20.0	154.0	A00002337	A00002339	0		339
A00000416	3779318279059800064	A00002340	1.4	9.85	4.0	0.0	20.0	159.0	A00002341	A00002342	0		340
A00000386	3779318279068188672	A00002343	1.4	9.85	4.0	0.0	20.0	135.0	A00002344	A00002345	0		341
A00002346	3779318279076577280	A00002347	1.4	9.85	4.0	0.0	20.0	135.0	A00002348	A00002349	0		342
A00000410	3779318279080771584		1.4	9.85	4.0	0.0	20.0	130.0	A00002350	A00002351	0		343
A00000420	3779318279089160192		1.4	9.85	4.0	0.0	20.0	124.0	A00002352	A00002353	0		344
A00002354	3779318279093354496		1.4	9.85	4.0	0.0	20.0	723.0	A00002355	A00002356	0		345
A00001013	3779318279101743104	A00002357	1.4	9.85	4.0	0.0	20.0	900.0	A00002358	A00002359	0		346
A00001011	3779318279110131712		1.4	9.85	4.0	0.0	20.0	432.0	A00002360	A00002361	0		347
A00002362	3779318279114326016		1.4	9.85	4.0	0.0	20.0	900.0	A00002363	A00002364	0		348
A00001009	3779318279122714624	A00002365	1.4	9.85	4.0	0.0	20.0	907.0	A00002366	A00002367	0		349
A00001366	3779318279126908928	A00002368	1.4	9.85	4.0	0.0	20.0	896.0	A00002369	A00002370	0		350
A00001316	3779318279135297536		1.4	9.85	4.0	0.0	20.0	896.0	A00002371	A00002372	0		351
A00001040	3779318279139491840		1.4	9.85	4.0	0.0	20.0	1063.0	A00002373	A00002374	0		352
A00000441	3779318279147880448		1.4	6.0	2.5	0.0	20.0	159.0	A00002375	A00002376	0		353
A00000437	3779318279156269056		1.4	6.0	1.5	0.0	20.0	220.0	A00002377	A00002378	0		354
A00000407	3779318279160463360		1.4	9.85	4.0	0.0	20.0	220.0	A00002379	A00002380	0		355
A00000405	3779318279168851968	A00002381	1.4	9.85	4.0	0.0	20.0	520.0	A00002382	A00002383	0		356
A00000403	3779318279173046272		1.4	9.85	4.0	0.0	20.0	750.0	A00002384	A00002385	0		357
A00001038	3779318279181434880	A00002386	1.4	9.85	4.0	0.0	20.0	520.0	A00002387	A00002388	0		358
A00001036	3779318279185629184	A00002389	1.4	9.85	4.0	0.0	20.0	378.0	A00002390	A00002391	0		359
A00001031	3779318279194017792	A00002392	1.4	9.85	4.0	0.0	20.0	378.0	A00002393	A00002394	0		360
A00001034	3779318279198212096		1.4	9.85	4.0	0.0	20.0	378.0	A00002395	A00002396	0		361
A00001026	3779318279206600704	A00002397	1.4	9.85	4.0	0.0	20.0	1230.0	A00002398	A00002399	0		362
A00001028	3779318279210795008		1.4	9.85	4.0	0.0	20.0	1230.0	A00002400	A00002401	0		363
A00000413	3779318279219183616		1.4	9.85	4.0	0.0	20.0	130.0	A00002402	A00002403	0		364
A00001420	3779318279227572224	A00002404	1.4	9.85	4.0	0.0	20.0	145.0	A00002405	A00002406	0		365
A00000446	3779318279231766528		1.4	9.85	4.0	0.0	20.0	100.0	A00002407	A00002408	0		366
A00000449	3779318279244349440		1.4	9.85	4.0	0.0	20.0	100.0	A00002409	A00002410	0		367
A00000452	3779318279252738048	A00002411	1.4	9.85	4.0	0.0	20.0	20.0	A00002412	A00002413	0		368
A00000454	3779318279261126656		1.4	9.85	4.0	0.0	20.0	20.0	A00002414	A00002415	0		369
A00000461	3779318279265320960	A00002416	1.4	9.85	4.0	0.0	20.0	20.0	A00002417	A00002418	0		370
A00000670	3779318279273709568		1.4	9.85	4.0	0.0	20.0	15.0	A00002419	A00002420	0		371
A00000672	3779318279277903872		1.4	9.85	4.0	0.0	20.0	40.0	A00002421	A00002422	0		372
A00002423	3779318279286292480	A00002424	1.4	9.85	4.0	0.0	20.0	1230.0	A00002425	A00002426	0		373
A00000123	3779318279294681088		1.4	9.85	4.0	0.0	20.0	1500.0	A00002427	A00002428	0		374
A00002429	3779318279298875392		1.4	9.85	4.0	0.0	20.0	1500.0	A00002430	A00002431	0		375
A00000818	3779318279307264000	A00002432	1.4	9.85	4.0	0.0	20.0	1584.0	A00002433	A00002434	0		376
A00002435	3779318279315652608	A00002436	1.4	9.85	4.0	0.0	20.0	1478.0	A00002437	A00002438	0		377
A00002439	3779318279324041216		1.4	9.85	4.0	0.0	20.0	1478.0	A00002440	A00002441	0		378
A00000674	3779318279328235520	A00002442	1.4	9.85	4.0	0.0	20.0	35.0	A00002443	A00002444	0		379
A00000677	3779318279336624128		1.4	9.85	4.0	0.0	20.0	50.0	A00002445	A00002446	0		380
A00000679	3779318279340818432		1.4	9.85	4.0	0.0	20.0	100.0	A00002447	A00002448	0		381
A00000682	3779318279349207040		1.4	9.85	4.0	0.0	20.0	100.0	A00002449	A00002450	0		382
A00000183	3779318279357595648		1.4	9.85	4.0	0.0	20.0	45.0	A00002451	A00002452	0		383
A00000169	3779318279361789952	A00002453	1.4	9.85	4.0	0.0	20.0	61.0	A00002454	A00002455	0		384
A00002456	3779318279370178560	A00002457	1.4	9.85	4.0	0.0	20.0	42.0	A00002458	A00002459	0		385
A00000685	3779318279374372864		1.4	9.85	4.0	0.0	20.0	41.0	A00002460	A00002461	0		386
A00000687	3779318279382761472		1.4	9.85	4.0	0.0	20.0	83.0	A00002462	A00002463	0		387
A00001172	3779318279391150080	A00002464	1.4	9.85	4.0	0.0	20.0	84.0	A00002465	A00002466	0		388
A00001174	3779318279399538688		1.4	9.85	4.0	0.0	20.0	70.0	A00002467	A00002468	0		389
A00001176	3779318279407927296		1.4	9.85	4.0	0.0	20.0	43.0	A00002469	A00002470	0		390
A00001178	3779318279412121600		1.4	9.85	4.0	0.0	20.0	5.0	A00002471	A00002472	0		391
A00002473	3779318279420510208		1.4	9.85	4.0	0.0	20.0	2.0	A00002474	A00002475	0		392
A00001044	3779318279428898816		1.4	9.85	4.0	0.0	20.0	2.0	A00002476	A00002477	0		393
A00001180	3779318279437287424		1.4	9.85	4.0	0.0	20.0	3.0	A00002478	A00002479	0		394
A00002480	3779318279441481728		1.4	9.85	4.0	0.0	20.0	20.0	A00002481	A00002482	0		395
A00002483	3779318279445676032		1.4	9.85	4.0	0.0	20.0	20.0	A00002484	A00002485	0		396
A00000597	3779318279454064640		1.4	9.85	4.0	0.0	20.0	4.0	A00002486	A00002487	0		397
A00000635	3779318279458258944		1.4	9.85	4.0	0.0	20.0	3.0	A00002488	A00002489	0		398
A00000654	3779318279466647552		1.4	6.0	2.5	0.0	20.0	4.0	A00002490	A00002491	0		399
A00002492	3779318279470841856		1.4	6.0	2.5	0.0	20.0	4.0	A00002493	A00002494	0		400
A00000014	3779318279479230464		1.4	6.0	2.5	0.0	20.0	4.0	A00002495	A00002496	0		401
A00000030	3779318279487619072		1.4	6.0	2.5	0.0	20.0	4.0	A00002497	A00002498	0		402
A00002499	3779318279491813376		1.4	9.85	4.0	0.0	20.0	36.0	A00002500	A00002501	0		403
A00000641	3779318279500201984		1.4	9.85	4.0	0.0	20.0	36.0	A00002502	A00002503	0		404
A00000662	3779318279504396288		1.4	9.85	4.0	0.0	20.0	36.0	A00002504	A00002505	0		405
A00000619	3779318279512784896		1.4	9.85	4.0	0.0	20.0	4.0	A00002506	A00002507	0		406
A00000632	3779318279516979200		1.4	9.85	4.0	0.0	20.0	3.0	A00002508	A00002509	0		407
A00000627	3779318279525367808		1.4	9.85	4.0	0.0	20.0	3.0	A00002510	A00002511	0		408
A00000666	3779318279529562112		1.4	9.85	4.0	0.0	20.0	3.0	A00002512	A00002513	0		409
A00000639	3779318279537950720		1.4	9.85	4.0	0.0	20.0	4.0	A00002514	A00002515	0		410
A00001046	3779318279546339328		1.4	9.85	4.0	0.0	20.0	4.0	A00002516	A00002517	0		411
A00000643	3779318279550533632		1.4	4.0	2.5	0.0	20.0	2.0	A00002518	A00002519	0		412
A00000646	3779318279558922240		1.4	3.8	2.5	0.0	20.0	2.0	A00002520	A00002521	0		413
A00000648	3779318279563116544		1.4	3.8	2.5	0.0	20.0	2.0	A00002522	A00002523	0		414
A00000651	3779318279571505152		1.4	3.8	2.5	0.0	20.0	2.0	A00002524	A00002525	0		415
A00002526	3779318279575699456		1.4	3.8	2.5	0.0	20.0	2.0	A00002527	A00002528	0		416
A00000600	3779318279584088064		1.4	6.0	2.5	0.0	20.0	1.0	A00002529	A00002530	0		417
A00000602	3779318279592476672		1.4	6.0	2.5	0.0	20.0	1.0	A00002531	A00002532	0		418
A00000664	3779318279600865280		1.4	6.0	2.5	0.0	20.0	1.0	A00002533	A00002534	0		419
A00001182	3779318279609253888		1.4	6.0	2.5	0.0	20.0	1.0	A00002535	A00002536	0		420
A00000512	3779318279613448192		1.4	6.0	2.5	0.0	20.0	290.0	A00002537	A00002538	0		421
A00000468	3779318279621836800		1.4	6.0	2.5	0.0	20.0	86.0	A00002539	A00002540	0		422
A00002541	3779318279630225408		1.4	6.0	2.5	0.0	20.0	92.0	A00002542	A00002543	0		423
A00000465	3779318279634419712		1.4	6.0	2.5	0.0	20.0	137.0	A00002544	A00002545	0		424
A00000505	3779318279642808320		1.4	6.0	2.5	0.0	20.0	66.0	A00002546	A00002547	0		425
A00002548	3779318279647002624		1.4	6.0	2.5	0.0	20.0	66.0	A00002549	A00002550	0		426
A00000503	3779318279655391232		1.4	6.0	2.5	0.0	20.0	66.0	A00002551	A00002552	0		427
A00000500	3779318279663779840		1.4	6.0	2.5	0.0	20.0	91.0	A00002553	A00002554	0		428
A00000474	3779318279667974144		1.4	6.0	2.5	0.0	20.0	56.0	A00002555	A00002556	0		429
A00000477	3779318279676362752		1.4	6.0	2.5	0.0	20.0	64.0	A00002557	A00002558	0		430
A00000472	3779318279680557056		1.4	6.0	2.5	0.0	20.0	171.0	A00002559	A00002560	0		431
A00002561	3779318279688945664		1.4	6.5	2.5	0.0	20.0	810.0	A00002562	A00002563	0		432
A00000470	3779318279693139968		1.4	6.5	2.5	0.0	20.0	810.0	A00002564	A00002565	0		433
A00002566	3779318279701528576		1.4	6.5	2.5	0.0	20.0	810.0	A00002567	A00002568	0		434
A00001430	3779318279705722880		1.4	6.5	2.5	0.0	20.0	209.0	A00002569	A00002570	0		435
A00002571	3779318279714111488		1.4	6.5	2.5	0.0	20.0	810.0	A00002572	A00002573	0		436
A00000463	3779318279722500096		1.4	6.0	1.5	0.0	20.0	88.0	A00002574	A00002575	0		437
A00000509	3779318279730888704		1.4	6.0	1.5	0.0	20.0	21.0	A00002576	A00002577	0		438
A00002578	3779318279739277312		1.4	6.0	2.5	0.0	20.0	33.0	A00002579	A00002580	0		439
A00000480	3779318279747665920		1.4	6.0	2.5	0.0	20.0	30.0	A00002581	A00002582	0		440
A00000484	3779318279751860224		1.4	6.0	2.5	0.0	20.0	31.0	A00002583	A00002584	0		441
A00000487	3779318279760248832		1.4	6.0	2.5	0.0	20.0	25.0	A00002585	A00002586	0		442
A00000489	3779318279764443136		1.4	6.0	2.5	0.0	20.0	29.0	A00002587	A00002588	0		443
A00000493	3779318279772831744		1.4	6.0	2.5	0.0	20.0	38.0	A00002589	A00002590	0		444
A00000498	3779318279781220352		1.4	6.0	2.5	0.0	20.0	38.0	A00002591	A00002592	0		445
A00000515	3779318279785414656		1.4	6.0	2.5	0.0	20.0	21.0	A00002593	A00002594	0		446
A00000507	3779318279793803264		1.4	6.0	2.5	0.0	20.0	25.0	A00002595	A00002596	0		447
A00002597	3779318279802191872		1.4	6.0	2.5	0.0	20.0	26.0	A00002598	A00002599	0		448
A00000517	3779318279806386176		1.4	6.0	2.5	0.0	20.0	59.0	A00002600	A00002601	0		449
A00000520	3779318279814774784		1.4	6.0	2.5	0.0	20.0	60.0	A00002602	A00002603	0		450
A00000526	3779318279818969088		1.4	6.0	2.5	0.0	20.0	60.0	A00002604	A00002605	0		451
A00002606	3779318279827357696		1.4	6.0	2.5	0.0	20.0	60.0	A00002607	A00002608	0		452
A00000528	3779318279831552000		1.4	6.0	2.5	0.0	20.0	33.0	A00002609	A00002610	0		453
A00002611	3779318279839940608		1.4	6.0	2.5	0.0	20.0	59.0	A00002612	A00002613	0		454
A00000531	3779318279848329216		1.4	9.85	4.0	0.0	20.0	71.0	A00002614	A00002615	0		455
A00000524	3779318279852523520		1.4	9.85	4.0	0.0	20.0	85.0	A00002616	A00002617	0		456
A00000522	3779318279860912128		1.4	9.85	4.0	0.0	20.0	104.0	A00002618	A00002619	0		457
A00000695	3779318279865106432		1.4	9.85	4.0	0.0	20.0	185.0	A00002620	A00002621	0		458
A00000692	3779318279873495040		1.4	9.85	4.0	0.0	20.0	100.0	A00002622	A00002623	0		459
A00000689	3779318279881883648		1.4	9.85	4.0	0.0	20.0	44.0	A00002624	A00002625	0		460
A00002626	3779318279886077952		1.4	9.85	4.0	0.0	20.0	23.0	A00002627	A00002628	0		461
A00002629	3779318279894466560		1.4	9.85	4.0	0.0	20.0	23.0	A00002630	A00002631	0		462
A00000078	3779318279898660864		1.4	9.85	4.0	0.0	20.0	23.0	A00002632	A00002633	0		463
A00000080	3779318279907049472		1.4	9.85	4.0	0.0	20.0	23.0	A00002634	A00002635	0		464
A00000082	3779318279915438080		1.4	9.85	4.0	0.0	20.0	23.0	A00002636	A00002637	0		465
A00000084	3779318279919632384		1.4	9.85	4.0	0.0	20.0	23.0	A00002638	A00002639	0		466
A00000086	3779318279928020992		1.4	9.85	4.0	0.0	20.0	23.0	A00002640	A00002641	0		467
A00002642	3779318279932215296		1.4	9.85	4.0	0.0	20.0	23.0	A00002643	A00002644	0		468
A00002645	3779318279940603904		1.4	9.85	4.0	0.0	20.0	23.0	A00002646	A00002647	0		469
A00000088	3779318279948992512		1.4	9.85	4.0	0.0	20.0	23.0	A00002648	A00002649	0		470
A00002650	3779318279957381120		1.4	9.85	4.0	0.0	20.0	23.0	A00002651	A00002652	0		471
A00002653	3779318279961575424		1.4	9.85	4.0	0.0	20.0	1696.0	A00002654	A00002655	1		472
A00000831	3779318279969964032		1.4	9.85	4.0	0.0	20.0	1750.0	A00002656	A00002657	1		473
A00000167	3779318279978352640		1.4	6.0	2.5	0.0	20.0	1537.0	A00002658	A00002659	0		474
A00002660	3779318279982546944	A00002661	1.4	9.85	4.0	0.0	20.0	1537.0	A00002662	A00002663	0		475
A00000137	3779318279990935552		1.4	9.85	4.0	0.0	20.0	1650.0	A00002664	A00002665	1		476
A00002666	3779318279999324160		1.4	9.85	4.0	0.0	20.0	1600.0	A00002667	A00002668	1		477
A00000139	3779318280003518464		1.4	9.85	4.0	0.0	20.0	1600.0	A00002669	A00002670	0		478
A00000145	3779318280011907072		1.4	9.85	4.0	0.0	20.0	1180.0	A00002671	A00002672	0		479
A00002673	3779318280016101376		1.4	6.0	2.5	0.0	20.0	1180.0	A00002674	A00002675	0		480
A00000141	3779318280024489984		1.4	9.85	4.0	0.0	20.0	1500.0	A00002676	A00002677	0		481
A00002678	3779318280028684288		1.4	9.85	4.0	0.0	20.0	1450.0	A00002676	A00002679	0		482
A00000143	3779318280037072896		1.4	9.85	4.0	0.0	20.0	1350.0	A00002680	A00002681	0		483
A00000401	3779318280045461504	A00002682	1.4	6.0	2.5	0.0	20.0	42.0	A00002683	A00002684	0		484
A00002685	3779318280049655808		1.4	6.0	2.5	0.0	20.0	33.0	A00002686	A00002687	0		485
A00002688	3779318280058044416	A00002689	1.4	9.85	4.0	0.0	20.0	1772.0	A00002690	A00002691	1		486
A00002692	3779318280066433024		1.4	9.85	4.0	0.0	20.0	1420.0	A00002693	A00002694	1		487
A00001052	3779318280070627328	A00002695	1.4	9.85	4.0	0.0	20.0	538.0	A00002696	A00002697	0		488
A00002698	3779318280079015936		1.4	9.85	4.0	0.0	20.0	850.0	A00002699	A00002700	0		489
A00001055	3779318280087404544		1.4	9.85	4.0	0.0	20.0	373.0	A00002701	A00002702	0		490
A00002703	3779318280099987456		1.4	9.85	4.0	0.0	20.0	420.0	A00002704	A00002705	0		491
A00002706	3779318280108376064		1.4	9.85	4.0	0.0	20.0	400.0	A00002707	A00002708	0		492
A00002709	3779318280116764672	A00002710	1.4	9.85	4.0	0.0	20.0	328.0	A00002711	A00002712	0		493
A00002713	3779318280125153280		1.4	9.85	4.0	0.0	20.0	340.0	A00002714	A00002715	0		494
A00000242	3779318280129347584		1.4	9.85	4.0	0.0	20.0	1930.0	A00002716	A00002717	0		495
A00000244	3779318280137736192		1.4	9.85	4.0	0.0	20.0	1930.0	A00002718	A00002719	0		496
A00001166	3779318280146124800		1.4	9.85	4.0	0.0	20.0	2220.0	A00002720	A00002721	0		497
A00000237	3779318280150319104		1.4	9.85	4.0	0.0	20.0	2095.0	A00002722	A00002723	0		498
A00000240	3779318280158707712		1.4	9.85	4.0	0.0	20.0	2095.0	A00002724	A00002725	0		499
A00001163	3779318280162902016		1.4	9.85	4.0	0.0	20.0	1644.0	A00002726	A00002727	0		500
A00001145	3779318280171290624		1.4	9.85	4.0	0.0	20.0	1810.0	A00002728	A00002729	0		501
A00001161	3779318280179679232		1.4	9.85	4.0	0.0	20.0	1644.0	A00002730	A00002731	0		502
A00001147	3779318280188067840		1.4	6.0	1.0	0.0	20.0	1925.0	A00002732	A00002733	0		503
A00002734	3779318280196456448		1.4	6.0	1.0	0.0	20.0	1925.0	A00002735	A00002736	0		504
A00001149	3779318280204845056		1.4	6.0	1.0	0.0	20.0	1925.0	A00002737	A00002738	0		505
A00001170	3779318280209039360		1.4	6.0	1.0	0.0	20.0	1664.0	A00002739	A00002740	0		506
A00001049	3779318280217427968		1.4	9.85	4.0	0.0	20.0	1820.0	A00002741	A00002742	0		507
A00001136	3779318280225816576		1.4	9.85	4.0	0.0	20.0	1670.0	A00002743	A00002744	0		508
A00001159	3779318280230010880		1.4	9.85	4.0	0.0	20.0	1820.0	A00002745	A00002746	0		509
A00001138	3779318280238399488		1.4	6.0	0.5	0.0	20.0	2030.0	A00002747	A00002748	0		510
A00001157	3779318280246788096	A00002749	1.4	9.85	4.0	0.0	20.0	1840.0	A00002750	A00002751	0		511
A00001155	3779318280255176704		1.4	9.85	4.0	0.0	20.0	1190.0	A00002752	A00002753	0		512
A00001153	3779318280259371008		1.4	9.85	4.0	0.0	20.0	1670.0	A00002754	A00002755	0		513
A00001150	3779318280267759616		1.4	9.85	4.0	0.0	20.0	750.0	A00002756	A00002757	0		514
A00001151	3779318280271953920		1.4	9.85	4.0	0.0	20.0	1670.0	A00002758	A00002759	0		515
A00001061	3779318280280342528	A00002760	1.4	9.85	4.0	0.0	20.0	238.0	A00002761	A00002762	0		516
A00000252	3779318280284536832	A00002763	1.4	9.85	4.0	0.0	20.0	897.0	A00002764	A00002765	0		517
A00002766	3779318280292925440		1.4	9.85	4.0	0.0	20.0	420.0	A00002767	A00002768	0		518
A00002769	3779318280301314048		1.4	9.85	4.0	0.0	20.0	420.0	A00002770	A00002771	0		519
A00000248	3779318280309702656		1.4	9.85	4.0	0.0	20.0	660.0	A00002772	A00002773	0		520
A00000250	3779318280318091264		1.4	9.85	4.0	0.0	20.0	660.0	A00002774	A00002775	0		521
A00000246	3779318280326479872		1.4	9.85	4.0	0.0	20.0	1442.0	A00002776	A00002777	0		522
A00000263	3779318280330674176		1.4	9.85	4.0	0.0	20.0	1250.0	A00002778	A00002779	0		523
A00000257	3779318280339062784		1.4	9.85	4.0	0.0	20.0	1257.0	A00002780	A00002781	0		524
A00000259	3779318280347451392		1.4	9.85	4.0	0.0	20.0	1250.0	A00002782	A00002783	0		525
A00002784	3779318280351645696		1.4	9.85	4.0	0.0	20.0	1250.0	A00002785	A00002786	0		526
A00000255	3779318280360034304		1.4	9.85	4.0	0.0	20.0	1200.0	A00002787	A00002788	0		527
A00001057	3779318280364228608		1.4	9.85	4.0	0.0	20.0	345.0	A00002789	A00002790	0		528
A00002791	3779318280372617216		1.4	9.85	4.0	0.0	20.0	345.0	A00002792	A00002793	0		529
A00001184	3779318280381005824		1.4	9.85	4.0	0.0	20.0	315.0	A00002794	A00002795	0		530
A00002796	3779318280385200128		1.4	9.85	4.0	0.0	20.0	330.0	A00002797	A00002798	0		531
A00001059	3779318280389394432		1.4	9.85	4.0	0.0	20.0	280.0	A00002799	A00002800	0		532
A00002801	3779318280397783040		1.4	9.85	4.0	0.0	20.0	310.0	A00002802	A00002803	0		533
A00002804	3779318280406171648		1.4	9.85	4.0	0.0	20.0	290.0	A00002805	A00002806	0		534
A00000165	3779318280410365952		1.4	6.0	2.5	0.0	20.0	1537.0	A00002807	A00002808	0		535
A00000148	3779318280418754560		1.4	6.0	2.5	0.0	20.0	1537.0	A00002809	A00002810	0		536
A00000151	3779318280422948864		1.4	6.0	2.5	0.0	20.0	1537.0	A00002811	A00002812	0		537
A00001141	3779318280431337472		1.4	6.0	0.5	0.0	20.0	2030.0	A00002813	A00002814	0		538
A00001143	3779318280439726080		1.4	6.0	0.5	0.0	20.0	2030.0	A00002815	A00002816	0		539
A00001168	3779318280448114688		1.4	6.0	0.5	0.0	20.0	2370.0	A00002817	A00002818	0		540
A00000234	3779318280456503296		1.4	9.85	4.0	0.0	20.0	1240.0	A00002819	A00002820	0		541
A00000261	3779318280464891904		1.4	9.8	1.0	0.0	20.0	850.0	A00002821	A00002822	0		542
A00002823	3779318280469086208	A00002824	1.4	9.85	4.0	0.0	20.0	1106.0	A00002825	A00002826	0		543
A00002827	3779318280477474816		1.4	9.85	4.0	0.0	20.0	1106.0	A00002828	A00002829	0		544
A00000214	3779318280485863424		1.4	9.85	4.0	0.0	20.0	235.0	A00002830	A00002831	0		545
A00002832	3779318280490057728		1.4	9.85	4.0	0.0	20.0	146.0	A00002833	A00002834	0		546
A00000208	3779318280498446336		1.4	6.0	1.0	0.0	20.0	135.0	A00002835	A00002836	0		547
A00000216	3779318280506834944		1.4	9.85	4.0	0.0	20.0	363.0	A00002837	A00002838	0		548
A00000194	3779318280511029248	A00002839	1.4	9.85	4.0	0.0	20.0	85.0	A00002840	A00002841	0		549
A00000220	3779318280519417856		1.4	6.0	1.0	0.0	20.0	85.0	A00002842	A00002843	0		550
A00000200	3779318280523612160		1.4	9.85	4.0	0.0	20.0	24.0	A00002844	A00002845	0		551
A00001456	3779318280532000768		1.4	9.8	1.0	0.0	20.0	56.0	A00002846	A00002847	0		552
A00000212	3779318280536195072		1.4	9.8	1.0	0.0	20.0	20.0	A00002848	A00002849	0		553
A00000227	3779318280544583680		1.4	9.8	1.0	0.0	20.0	20.0	A00002850	A00002851	0		554
A00000230	3779318280548777984		1.4	6.0	1.0	0.0	20.0	15.0	A00002852	A00002853	0		555
A00000203	3779318280557166592		1.4	6.0	1.0	0.0	20.0	24.0	A00002854	A00002855	0		556
A00000205	3779318280565555200		1.4	6.0	1.0	0.0	20.0	24.0	A00002856	A00002857	0		557
A00000207	3779318280569749504		1.4	6.0	1.0	0.0	20.0	24.0	A00002858	A00002859	0		558
A00000222	3779318280578138112		1.4	6.0	1.0	0.0	20.0	24.0	A00002860	A00002861	0		559
A00000224	3779318280582332416		1.4	6.0	1.0	0.0	20.0	155.0	A00002862	A00002863	0		560
A00002864	3779318280590721024		1.4	6.0	1.0	0.0	20.0	166.0	A00002865	A00002866	0		561
A00000210	3779318280594915328		1.4	6.0	1.0	0.0	20.0	166.0	A00002867	A00002868	0		562
A00002869	3779318280603303936		1.4	9.85	4.0	0.0	20.0	14.0	A00002870	A00002871	0		563
A00000192	3779318280607498240		1.4	9.85	4.0	0.0	20.0	22.0	A00002872	A00002873	0		564
A00000218	3779318280615886848		1.4	6.0	1.0	0.0	20.0	14.0	A00002874	A00002875	0		565
A00000196	3779318280620081152		1.4	6.0	1.0	0.0	20.0	14.0	A00002876	A00002877	0		566
A00000198	3779318280624275456		1.4	6.0	1.0	0.0	20.0	14.0	A00002878	A00002879	0		567
A00000179	3779318280632664064		1.4	9.85	4.0	0.0	20.0	16.0	A00002880	A00002881	0		568
A00000173	3779318280636858368		1.4	9.85	4.0	0.0	20.0	21.0	A00002882	A00002883	0		569
A00000175	3779318280645246976		1.4	9.85	4.0	0.0	20.0	18.0	A00002884	A00002885	0		570
A00000185	3779318280653635584		1.4	9.85	4.0	0.0	20.0	4.0	A00002886	A00002887	0		571
A00000188	3779318280657829888		1.4	9.85	4.0	0.0	20.0	4.0	A00002888	A00002889	0		572
A00000190	3779318280666218496		1.4	9.85	4.0	0.0	20.0	69.0	A00002890	A00002891	0		573
A00001082	3779318280670412800		1.4	9.85	4.0	0.0	20.0	15.0	A00002892	A00002893	0		574
A00001084	3779318280678801408		1.4	6.5	2.5	0.0	20.0	8.0	A00002894	A00002895	0		575
A00000833	3779318280687190016		1.4	6.0	2.5	0.0	20.0	1157.0	A00002896	A00002897	0		576
A00000781	3779318280691384320		1.4	6.0	2.5	0.0	20.0	1157.0	A00002898	A00002899	0		577
A00000802	3779318280699772928		1.4	6.0	2.5	0.0	20.0	1122.0	A00002900	A00002901	0		578
A00000790	3779318280703967232		1.4	6.0	2.5	0.0	20.0	1439.0	A00002902	A00002903	0		579
A00000814	3779318280712355840		1.4	6.0	2.5	0.0	20.0	1199.0	A00002904	A00002905	0		580
A00002906	3779318280716550144		1.4	6.0	2.5	0.0	20.0	1199.0	A00002907	A00002908	0		581
A00002909	3779318280724938752		1.4	6.0	2.5	0.0	20.0	1439.0	A00002910	A00002911	0		582
A00000793	3779318280729133056		1.4	6.0	2.5	0.0	20.0	1451.0	A00002912	A00002913	0		583
A00001448	3779318280737521664	A00002914	1.4	6.0	2.5	0.0	20.0	1308.0	A00002915	A00002916	0		584
A00002917	3779318280741715968		1.4	6.0	2.5	0.0	20.0	1445.0	A00002918	A00002919	0		585
A00000796	3779318280750104576		1.4	6.0	2.5	0.0	20.0	1122.0	A00002920	A00002921	0		586
A00000799	3779318280754298880		1.4	6.0	2.5	0.0	20.0	1122.0	A00002922	A00002923	0		587
A00002924	3779318280762687488		1.4	6.0	2.5	0.0	20.0	1122.0	A00002925	A00002926	0		588
A00000806	3779318280766881792		1.4	6.0	2.5	0.0	20.0	1122.0	A00002927	A00002928	0		589
A00000808	3779318280775270400		1.4	6.0	2.5	0.0	20.0	1122.0	A00002929	A00002930	0		590
A00000810	3779318280783659008		1.4	6.0	2.5	0.0	20.0	1122.0	A00002931	A00002932	0		591
A00000812	3779318280792047616		1.4	6.0	2.5	0.0	20.0	1122.0	A00002933	A00002934	0		592
A00001221	3779318280800436224	A00002935	1.4	6.0	2.5	0.0	20.0	2715.0	A00002936	A00002937	0		593
A00001384	3779318280804630528	A00002938	1.4	6.0	2.5	0.0	20.0	3600.0	A00002939	A00002940	0		594
A00000835	3779318280813019136		1.4	6.0	2.5	0.0	20.0	2920.0	A00002941	A00002942	0		595
A00000838	3779318280817213440	A00002943	1.4	6.0	2.5	0.0	20.0	2951.0	A00002944	A00002945	0		596
A00000841	3779318280825602048	A00002946	1.4	6.0	2.5	0.0	20.0	3242.0	A00002947	A00002948	0		597
A00002949	3779318280833990656		1.4	6.0	2.5	0.0	20.0	3242.0	A00002950	A00002951	0		598
A00000843	3779318280838184960		1.4	6.0	2.5	0.0	20.0	2800.0	A00002952	A00002953	0		599
A00000847	3779318280846573568		1.4	6.0	2.5	0.0	20.0	2128.0	A00002954	A00002955	0		600
A00000097	3779318280850767872		1.4	6.0	2.5	0.0	20.0	1817.0	A00002956	A00002957	0		601
A00000849	3779318280859156480		1.4	6.0	2.5	0.0	20.0	1999.0	A00002958	A00002959	0		602
A00000095	3779318280867545088		1.4	6.0	2.5	0.0	20.0	1999.0	A00002960	A00002961	0		603
A00000851	3779318280871739392		1.4	6.0	2.5	0.0	20.0	2800.0	A00002962	A00002963	0		604
0623732+300m	3779318280880128000		1.4	6.0	2.5	0.0	20.0	2800.0	A00002964	A00002965	0		605
A00000093	3779318280884322304		1.4	9.85	2.5	0.0	20.0	1580.0	A00002966	A00002967	0		606
A00000091	3779318280892710912	A00002968	1.4	9.85	2.5	0.0	20.0	1683.0	A00002969	A00002970	0		607
A00000153	3779318280896905216		1.4	6.0	2.5	0.0	20.0	2256.0	A00002971	A00002972	0		608
A00002973	3779318280905293824		1.4	9.85	2.5	0.0	20.0	2256.0	A00002974	A00002975	0		609
A00000101	3779318280909488128		1.4	6.0	2.5	0.0	20.0	1651.0	A00002976	A00002977	0		610
A00000160	3779318280917876736		1.4	6.0	2.5	0.0	20.0	1609.0	A00002978	A00002979	0		611
A00000104	3779318280926265344		1.4	6.0	2.5	0.0	20.0	1637.0	A00002980	A00002981	0		612
A00000109	3779318280930459648		1.4	6.0	2.5	0.0	20.0	1669.0	A00002982	A00002983	0		613
A00000107	3779318280938848256		1.4	6.0	2.5	0.0	20.0	1694.0	A00002984	A00002985	0		614
A00000117	3779318280943042560		1.4	6.0	2.5	0.0	20.0	1669.0	A00002986	A00002987	0		615
A00000156	3779318280951431168		1.4	6.0	2.5	0.0	20.0	1669.0	A00002988	A00002989	0		616
A00000113	3779318280955625472		1.4	6.0	2.5	0.0	20.0	1669.0	A00002990	A00002991	0		617
A00000232	3779318280964014080		1.4	6.0	2.5	0.0	20.0	1669.0	A00002992	A00002993	0		618
A00000115	3779318280968208384		1.4	6.0	2.5	0.0	20.0	1669.0	A00002994	A00002995	0		619
A00000119	3779318280976596992		1.4	6.0	2.5	0.0	20.0	1637.0	A00002996	A00002997	0		620
A00002998	3779318280980791296		1.4	6.0	2.5	0.0	20.0	1637.0	A00002999	A00003000	0		621
A00003001	3779318280989179904		1.4	6.0	2.5	0.0	20.0	1637.0	A00003002	A00003003	0		622
A00003004	3779318280997568512		1.4	6.0	2.5	0.0	20.0	1637.0	A00003005	A00003006	0		623
A00000121	3779318281001762816		1.4	4.0	1.5	0.0	20.0	1637.0	A00003007	A00003008	0		624
A00000158	3779318281010151424		1.4	4.0	1.5	0.0	20.0	1637.0	A00003009	A00003010	0		625
A00003011	3779318281018540032		1.4	9.85	4.0	0.0	20.0	23.0	A00003012	A00003013	0		626
A00000017	3779318281022734336		1.4	9.85	4.0	0.0	20.0	13.0	A00003014	A00003015	0		627
A00000313	3779318281031122944	A00003016	1.4	9.85	1.5	0.0	20.0	2.0	A00003017	A00003018	0		628
A00001298	3779318281039511552		1.4	9.85	4.0	0.0	20.0	0.0	A00003019	A00003020	0		629
A00001441	3779318281047900160		1.4	9.85	4.0	0.0	20.0	0.0	A00003021	A00003022	0		630
A00001289	3779318281052094464		1.4	9.85	4.0	0.0	20.0	0.0	A00003023	A00003024	0		631
A00001310	3779318281060483072		1.4	9.85	4.0	0.0	20.0	0.0	A00003025	A00003026	0		632
A00001283	3779318281064677376		1.4	9.85	4.0	0.0	20.0	0.0	A00003027	A00003028	0		633
A00001276	3779318281073065984		1.4	9.85	4.0	0.0	20.0	0.0	A00003029	A00003030	0		634
A00001267	3779318281077260288		1.4	9.85	4.0	0.0	20.0	0.0	A00003031	A00003032	0		635
A00001313	3779318281085648896		1.4	9.85	4.0	0.0	20.0	0.0	A00003033	A00003034	0		636
A00000306	3779318281089843200		1.4	9.85	4.0	0.0	20.0	8.0	A00003035	A00003036	0		637
A00000444	3779318281098231808	A00003037	1.4	11.85	6.0	0.0	20.0	143.0	A00003038	A00003039	0		638
A00001303	3779318281106620416		1.4	11.85	6.0	0.0	20.0	164.0	A00003040	A00003041	0		639
A00003042	3779318281110814720	A00003043	1.4	11.85	6.0	0.0	20.0	251.0	A00003044	A00003045	0		640
A00003046	3779318281119203328		1.4	11.85	6.0	0.0	20.0	300.0	A00003047	A00003048	0		641
A00001465	3779318281123397632		1.4	11.85	6.0	0.0	20.0	240.0	A00003049	A00003050	0		642
