capacity	code	dest	dest_idx	dest_name	diameter	efficiency	heat_para	idx	is_valve	length	lower_capacity	lower_pressure_warning	lower_temp_warning	max_pressure	name	ori	ori_idx	ori_name	resistance_para	roughness	sub_division	temp	thickness	unit_operation_cost	unit_price	upper_capacity	upper_pressure_warning	upper_temp_warning	valve_end	('max_pressure',)
4857.14	3779318283132469248	3779318277021368320	39	A00001086	594.0	100.0	1.4	595	A00003106	1.0	-4857.142857	2.5	5.0	6.3	GDGN0631	3779318277008785408	37	A00001113	1.0	0.01	0.0	6.0	8.0	0.7112	1.2991	4857.142857	6.0	50.0	0.0
714.28	3779318283136663552	3779318277088477184	49	A00001654	1000.0	100.0	1.4	596		89.0	-714.285714	2.5	5.0	6.3	GDGN0232	3779318277021368320	39	A00001086	1.0	0.01	0.0	6.0	8.0	1.2425	1.2991	714.285714	6.0	50.0
714.28	3779318283136663553	3779318277092671488	50	A00001657	1002.0	100.0	1.4	597		71.54	-714.285714	2.5	5.0	4.0	GDGN0233	3779318277088477184	49	A00001654	1.0	0.01	0.0	6.0	7.0	1.2425	1.2991	714.285714	6.0	50.0
714.28	3779318283140857856	3779318277080088576	48	A00001121	1002.0	100.0	1.4	598		31.18	-714.285714	2.5	5.0	4.0	GDGN0234	3779318277092671488	50	A00001657	1.0	0.01	0.0	6.0	7.0	1.2425	1.2991	714.285714	6.0	50.0
3428.57	3779318283145052160	3779318277008785408	37	A00001113	986.8	100.0	1.53	599		1.0	-3428.571429	4.0	5.0	10.0	GDGN0392	3779318277017174016	38	A00001624	1.0	0.01	0.0	10.0	14.6	0.4965	1.2991	3428.571429	9.85	50.0
3428.57	3779318283145052161	3779318276874567680	18	A00001104	981.0	100.0	1.35	600		61.0	-3428.571429	4.0	5.0	10.0	GDGN0397	3779318277054922752	44	A00001641	1.0	0.01	0.0	9.0	17.5	0.4965	1.2991	3428.571429	9.85	50.0
3428.57	3779318283149246464	3779318277054922752	44	A00001641	981.0	100.0	1.35	601		63.0	-3428.571429	4.0	5.0	10.0	GDGN0396	3779318277067505664	46	A00001646	1.0	0.01	0.0	9.0	17.5	0.4965	1.2991	3428.571429	9.85	50.0
3428.57	3779318283153440768	3779318277067505664	46	A00001646	981.0	100.0	1.35	602		191.0	-3428.571429	4.0	5.0	10.0	GDGN0395	3779318277075894272	47	A00001109	1.0	0.01	0.0	9.0	17.5	0.4965	1.2991	3428.571429	9.85	50.0
3428.57	3779318283153440769	3779318277075894272	47	A00001109	981.0	100.0	1.35	603		25.0	-3428.571429	4.0	5.0	10.0	GDGN0394	3779318277029756928	40	A00001628	1.0	0.01	0.0	9.0	17.5	0.4965	1.2991	3428.571429	9.85	50.0
3428.57	3779318283157635072	3779318277029756928	40	A00001628	986.8	100.0	1.53	604		185.0	-3428.571429	4.0	5.0	10.0	GDGN0393	3779318277017174016	38	A00001624	1.0	0.01	0.0	10.0	14.6	0.4965	1.2991	3428.571429	9.85	50.0
3428.57	3779318283161829376	3779318277063311360	45	A00001131	981.0	100.0	1.35	605		34.6	-3428.571429	4.0	5.0	10.0	GDGN0398	3779318277054922752	44	A00001641	1.0	0.01	0.0	9.0	17.5	0.4965	1.2991	3428.571429	9.85	50.0
4857.14	3779318283161829377	3779318277033951232	41	A00001322	986.8	100.0	1.53	606		178.17	-4857.142857	4.0	5.0	10.0	GDGN0488	3779318277008785408	37	A00001113	1.0	0.01	0.0	10.0	14.6	0.7112	1.2991	4857.142857	9.85	50.0
4857.14	3779318283166023680	3779318277042339840	42	A00001325	986.8	100.0	1.53	607		137.16	-4857.142857	4.0	5.0	10.0	GDGN0489	3779318277033951232	41	A00001322	1.0	0.01	0.0	10.0	14.6	0.7112	1.2991	4857.142857	9.85	50.0
4857.14	3779318283170217984	3779318277046534144	43	A00001328	986.8	100.0	1.53	608		178.17	-4857.142857	4.0	5.0	10.0	GDGN0490	3779318277042339840	42	A00001325	1.0	0.01	0.0	10.0	14.6	0.7112	1.2991	4857.142857	9.85	50.0
171.42	3779318283174412288	3779318276975230976	32	A00001119	445.0	100.0	1.4	609		21.55	-171.428571	1.5	5.0	4.0	GDGN0588	3779318276987813888	34	A00001614	1.0	0.01	0.0	6.0	6.0	3.4117	1.2991	171.428571	4.0	50.0
171.42	3779318283174412289	3779318276987813888	34	A00001614	443.0	100.0	1.4	610		54.82	-171.428571	1.5	5.0	4.0	GDGN0587	3779318276996202496	35	A00001117	1.0	0.01	0.0	6.0	7.0	3.4117	1.2991	171.428571	4.0	50.0
171.42	3779318283178606592	3779318276996202496	35	A00001117	443.0	100.0	1.4	611		65.35	-171.428571	1.5	5.0	4.0	GDGN0586	3779318276983619584	33	A00001611	1.0	0.01	0.0	6.0	7.0	3.4117	1.2991	171.428571	4.0	50.0
171.42	3779318283182800896	3779318276983619584	33	A00001611	445.0	100.0	1.4	612		133.38	-171.428571	1.5	-15.0	4.0	GDGN0585	3779318277004591104	36	A00001115	1.0	0.01	0.0	6.0	6.0	3.4117	1.2991	171.428571	4.0	50.0
3428.57	3779318283186995200	3779318276983619584	33	A00001611	445.0	100.0	1.4	613	A00003107	2.96	-3428.571429	1.5	-15.0	10.0	GDGN0399	3779318276874567680	18	A00001104	1.0	0.01	0.0	6.0	6.0	0.4965	1.2991	3428.571429	4.0	50.0	0.0
857.14	3779318283195383808	3779318276962648064	30	A00001128	1205.0	100.0	1.35	614	A00003108	14.0	-857.142857	1.5	-10.0	6.3	GDGN0390	3779318276849401856	14	A00001098	1.0	0.01	0.0	7.0	7.0	0.4965	1.2991	857.142857	6.0	50.0	0.0
857.14	3779318283199578112	3779318276966842368	31	A00001123	1143.0	100.0	1.35	615	A00003109	58.0	-857.142857	1.5	-10.0	10.0	GDGN0389	3779318276849401856	14	A00001098	1.0	0.01	0.0	7.0	38.0	0.4965	1.2991	857.142857	6.0	50.0	0.0
171.42	3779318283203772416	3779318276966842368	31	A00001123	443.0	100.0	1.4	616	A00003110	27.41	-171.428571	1.5	5.0	4.0	GDGN0589	3779318276975230976	32	A00001119	1.0	0.01	0.0	6.0	7.0	3.4117	1.2991	171.428571	4.0	50.0	0.0
8571.42	3779318283207966720	3779318276727767040	2	A00001088	1166.2	100.0	1.19	618		71.0	-8571.428570999999	6.0	-10.0	12.0	GDGN0436	3779318276950065152	28	A00001451	1.0	0.01	0.0	12.0	26.4	0.4965	1.1028	8571.428570999999	11.85	50.0
8571.42	3779318283212161024	3779318276920705024	25	A00001591	1182.2	100.0	1.11	619		31.0	-8571.428570999999	6.0	-10.0	12.0	GDGN0422	3779318276882956288	19	A00001570	1.0	0.01	0.0	12.0	18.4	0.4965	1.1028	8571.428570999999	11.85	50.0
8571.42	3779318283228938241	3779318276882956288	19	A00001570	1182.2	100.0	1.11	626		76.0	-8571.428570999999	6.0	-10.0	12.0	GDGN0421	3779318276870373376	17	A00001565	1.0	0.01	0.0	12.0	18.4	0.4965	1.1028	8571.428570999999	11.85	50.0
8571.42	3779318283233132544	3779318276887150592	20	A00001574	1163.0	100.0	1.11	627		95.94	-8571.428570999999	6.0	5.0	10.0	GDGN0373	3779318276874567680	18	A00001104	1.0	0.01	0.0	14.3	28.0	0.4965	1.2991	8571.428570999999	11.85	50.0
8571.42	3779318283237326848	3779318276870373376	17	A00001565	1182.2	100.0	1.11	628		118.0	-8571.428570999999	6.0	-10.0	12.0	GDGN0420	3779318276857790464	15	A00001558	1.0	0.01	0.0	12.0	18.4	0.4965	1.1028	8571.428570999999	11.85	50.0
8571.42	3779318283241521152	3779318276874567680	18	A00001104	1163.0	100.0	1.11	629		119.64	-8571.428570999999	6.0	5.0	10.0	GDGN0372	3779318276861984768	16	A00001101	1.0	0.01	0.0	13.2	28.0	0.4965	1.2991	8571.428570999999	11.85	50.0
8571.42	3779318283241521153	3779318276845207552	13	A00001553	1182.2	100.0	1.19	630		81.0	-8571.428570999999	6.0	-10.0	12.0	GDGN0418	3779318276761321472	7	A00001537	1.0	0.01	0.0	12.0	18.4	0.4965	1.1028	8571.428570999999	11.85	50.0
8571.42	3779318283245715456	3779318276857790464	15	A00001558	1182.2	100.0	1.19	631		62.0	-8571.428570999999	6.0	-10.0	12.0	GDGN0419	3779318276845207552	13	A00001553	1.0	0.01	0.0	12.0	18.4	0.4965	1.1028	8571.428570999999	11.85	50.0
8571.42	3779318283249909760	3779318276849401856	14	A00001098	1163.0	100.0	1.19	632		116.23	-8571.428570999999	6.0	5.0	10.0	GDGN0370	3779318276769710080	8	A00001096	1.0	0.01	0.0	11.2	28.0	0.4965	1.2991	8571.428570999999	11.85	50.0
8571.42	3779318283249909761	3779318276861984768	16	A00001101	1163.0	100.0	1.19	633		61.67	-8571.428570999999	6.0	5.0	10.0	GDGN0371	3779318276849401856	14	A00001098	1.0	0.01	0.0	11.2	28.0	0.4965	1.2991	8571.428570999999	11.85	50.0
8571.42	3779318283254104064	3779318276832624640	11	A00001094	1163.0	100.0	1.19	634		54.82	-8571.428570999999	6.0	5.0	10.0	GDGN0367	3779318276757127168	6	A00001092	1.0	0.01	0.0	11.2	28.0	0.4965	1.2991	8571.428570999999	11.85	50.0
8571.42	3779318283258298368	3779318276836818944	12	A00001550	1163.0	100.0	1.19	635		89.0	-8571.428570999999	6.0	5.0	10.0	GDGN0368	3779318276832624640	11	A00001094	1.0	0.01	0.0	11.2	28.0	0.4965	1.2991	8571.428570999999	11.85	50.0
8571.42	3779318283258298369	3779318276769710080	8	A00001096	1163.0	100.0	1.19	636		27.51	-8571.428570999999	6.0	5.0	10.0	GDGN0369	3779318276836818944	12	A00001550	1.0	0.01	0.0	11.2	28.0	0.4965	1.2991	8571.428570999999	11.85	50.0
8571.42	3779318283262492672	3779318276824236032	10	A00001546	1182.2	100.0	1.19	637		151.0	-8571.428570999999	6.0	-10.0	12.0	GDGN0416	3779318276748738560	5	A00001530	1.0	0.01	0.0	12.0	18.4	0.4965	1.1028	8571.428570999999	11.85	50.0
3428.57	3779318283266686976	3779318276815847424	9	A00001134	1182.2	100.0	1.19	638		1.0	-3428.571429	6.0	-10.0	12.0	GDGN0435	3779318276824236032	10	A00001546	1.0	0.01	0.0	12.0	18.4	0.4965	1.1028	3428.571429	11.85	50.0
8571.42	3779318283266686977	3779318276761321472	7	A00001537	1182.2	100.0	1.19	639		29.0	-8571.428570999999	6.0	-10.0	12.0	GDGN0417	3779318276824236032	10	A00001546	1.0	0.01	0.0	12.0	18.4	0.4965	1.1028	8571.428570999999	11.85	50.0
8571.42	3779318283270881280	3779318276748738560	5	A00001530	1182.2	100.0	1.19	640		174.0	-8571.428570999999	6.0	-10.0	12.0	GDGN0415	3779318276736155648	3	A00001523	1.0	0.01	0.0	12.0	18.4	0.4965	1.1028	8571.428570999999	11.85	50.0
8571.42	3779318283275075584	3779318276757127168	6	A00001092	1163.0	100.0	1.19	641		178.17	-8571.428570999999	6.0	5.0	10.0	GDGN0366	3779318276740349952	4	A00001090	1.0	0.01	0.0	11.2	28.0	0.4965	1.2991	8571.428570999999	11.85	50.0
8571.42	3779318283279269888	3779318276736155648	3	A00001523	1182.2	100.0	1.19	642		173.0	-8571.428570999999	6.0	-10.0	12.0	GDGN0414	3779318276715184128	1	A00001111	1.0	0.01	0.0	12.0	18.4	0.4965	1.1028	8571.428570999999	11.85	50.0
8571.42	3779318283279269889	3779318276740349952	4	A00001090	1163.0	100.0	1.19	643		171.32	-8571.428570999999	6.0	5.0	10.0	GDGN0365	3779318276727767040	2	A00001088	1.0	0.01	0.0	11.2	28.0	0.4965	1.2991	8571.428570999999	11.85	50.0
8571.42	3779318283287658497	3779318276715184128	1	A00001111	1163.0	100.0	1.19	646		1.0	-8571.428570999999	6.0	5.0	12.0	GDGN0635	3779318276727767040	2	A00001088	1.0	0.01	0.0	11.2	28.0	0.4965	1.2991	8571.428570999999	11.85	50.0
8571.42	dummy_1	dummy_1	dummy_1	dummy_1	1182.2	100.0	1.75	dummy_1	#N/A	32.0		0.0	0.0		dummy_1	3779318276920705024	3779318276920705024	A00001591	1.0	0.01		12.0	9.0	0.4965	0.4965		100.0	50.0	0.0	100.0
4857.1400000000004	dummy_2	dummy_2	dummy_2	dummy_2	986.8	100.0	1.75	dummy_2	#N/A	164.47		0.0	0.0		dummy_2	3779318277046534144	3779318277046534144	A00001328	1.0	0.01		10.0	9.0	0.7112	0.7112		100.0	50.0	0.0	100.0
8571.42	dummy_3	dummy_3	dummy_3	dummy_3	1163.0	100.0	1.75	dummy_3	#N/A	191.88		0.0	0.0		dummy_3	3779318276887150592	3779318276887150592	A00001574	1.0	0.01		14.300000000000011	9.0	0.4965	0.4965		100.0	50.0	0.0	100.0
