code	comp_ratio	elevation	has_compressor	highest_temp	idx	A00001517	A00001516	lowest_temp	name	pressure_lower	pressure_upper	sub_division	valve
3779318276715184128	1.4	635.0	A00001518	20.0	1	A00001520	A00003115	0.0	A00001111	6.0	11.85	0.0
3779318276727767040	1.4	635.0		20.0	2	A00001522	A00001521	0.0	A00001088	6.0	11.85	0.0
3779318276736155648	1.4	390.0	A00001524	20.0	3	A00003116	A00001525	0.0	A00001523	6.0	11.85	0.0
3779318276740349952	1.4	390.0	A00001527	20.0	4	A00001529	A00001528	0.0	A00001090	6.0	11.85	0.0
3779318276748738560	1.4	570.0	A00001531	20.0	5	A00003117	A00001532	0.0	A00001530	6.0	11.85	0.0
3779318276757127168	1.4	570.0	A00001534	20.0	6	A00003118	A00001535	0.0	A00001092	6.0	11.85	0.0
3779318276761321472	1.4	590.0	A00001538	20.0	7	A00001540	A00003119	0.0	A00001537	6.0	11.85	0.0
3779318276769710080	1.4	590.0	A00001541	20.0	8	A00003120	A00001542	0.0	A00001096	6.0	11.85	0.0
3779318276815847424	1.4	528.0		20.0	9	A00001545	A00001544	0.0	A00001134	6.0	11.85	0.0
3779318276824236032	1.4	528.0		20.0	10	A00001545	A00001547	0.0	A00001546	6.0	11.85	0.0
3779318276832624640	1.4	570.0		20.0	11	A00003121	A00003122	0.0	A00001094	6.0	11.85	0.0
3779318276836818944	1.4	546.0		20.0	12	A00001552	A00001551	0.0	A00001550	6.0	11.85	0.0
3779318276845207552	1.4	688.0		20.0	13	A00001555	A00003123	0.0	A00001553	6.0	11.85	0.0
3779318276849401856	1.4	688.0		20.0	14	A00001557	A00001556	0.0	A00001098	6.0	11.85	0.0
3779318276857790464	1.4	1188.0	A00001559	20.0	15	A00001561	A00001560	0.0	A00001558	6.0	11.85	0.0
3779318276861984768	1.4	1188.0	A00001562	20.0	16	A00003124	A00003125	0.0	A00001101	6.0	11.85	0.0
3779318276870373376	1.4	626.0		20.0	17	A00001567	A00001566	0.0	A00001565	6.0	11.85	0.0
3779318276874567680	1.4	635.0		20.0	18	A00003126	A00001568	0.0	A00001104	4.0	9.85	0.0
3779318276882956288	1.4	680.0	A00001571	20.0	19	A00001573	A00001572	0.0	A00001570	6.0	11.85	0.0
3779318276887150592	1.4	680.0	A00001575	20.0	20	A00001577	A00003127	0.0	A00001574	6.0	11.85	0.0
3779318276895539200	1.4	730.0	A00001579	20.0	21	A00001581	A00003128	0.0	A00001578	6.0	11.85	0.0
3779318276903927808	1.4	730.0		20.0	22	A00001584	A00001583	0.0	A00001582	6.0	11.85	0.0
3779318276908122112	1.4	629.0		20.0	23	A00001586	A00001585	0.0	A00001106	6.0	11.85	0.0
3779318276916510720	1.4	730.0	A00001588	20.0	24	A00001590	A00001589	0.0	A00001587	6.0	11.85	0.0
3779318276920705024	1.4	730.0		20.0	25	A00001593	A00003129	0.0	A00001591	6.0	11.85	0.0
3779318276929093632	1.4	730.0		20.0	26	A00001596	A00003130	0.0	A00001594	6.0	11.85	0.0
3779318276937482240	1.4	730.0		20.0	27	A00001599	A00001598	0.0	A00001597	6.0	11.85	0.0
3779318276950065152	1.4	689.0		20.0	28	A00001601	A00003131	0.0	A00001451	6.0	11.85	0.0
3779318276954259456	1.4	674.0	A00001602	20.0	29	A00001604	A00001603	0.0	A00001412	6.0	11.85	0.0
3779318276962648064	1.4	688.0		20.0	30	A00001606	A00003132	0.0	A00001128	1.5	6.0	0.0
3779318276966842368	1.4	688.0		20.0	31	A00001608	A00001607	0.0	A00001123	1.5	6.0	0.0
3779318276975230976	1.4	985.0		20.0	32	A00003133	A00001609	0.0	A00001119	1.5	4.0	0.0
3779318276983619584	1.4	649.0		20.0	33	A00001613	A00003134	0.0	A00001611	1.5	4.0	0.0
3779318276987813888	1.4	1139.0		20.0	34	A00001616	A00001615	0.0	A00001614	1.5	4.0	0.0
3779318276996202496	1.4	1139.0		20.0	35	A00003135	A00003136	0.0	A00001117	1.5	4.0	0.0
3779318277004591104	1.4	626.0		20.0	36	A00001620	A00001619	0.0	A00001115	1.5	4.0	0.0
3779318277008785408	1.4	930.0	A00001621	20.0	37	A00001623	A00001622	0.0	A00001113	4.0	9.85	0.0
3779318277017174016	1.4	930.0		20.0	38	A00003137	A00001625	0.0	A00001624	4.0	9.85	0.0
3779318277021368320	1.4	929.0		20.0	39	A00003138	A00001625	0.0	A00001086	2.5	6.0	0.0
3779318277029756928	1.4	1078.0	A00001629	20.0	40	A00001631	A00001630	0.0	A00001628	4.0	9.85	0.0
3779318277033951232	1.4	1078.0	A00001632	20.0	41	A00003139	A00003140	0.0	A00001322	4.0	9.85	0.0
3779318277042339840	1.4	1164.0	A00001635	20.0	42	A00001637	A00003141	0.0	A00001325	4.0	9.85	0.0
3779318277046534144	1.4	815.0	A00001638	20.0	43	A00003142	A00003143	0.0	A00001328	4.0	9.85	0.0
3779318277054922752	1.4	1084.0		20.0	44	A00001643	A00001642	0.0	A00001641	4.0	9.85	0.0
3779318277063311360	1.4	1084.0		20.0	45	A00003144	A00001644	0.0	A00001131	4.0	9.85	0.0
3779318277067505664	1.4	900.0	A00001647	20.0	46	A00003145	A00003146	0.0	A00001646	4.0	9.85	0.0
3779318277075894272	1.4	1084.0		20.0	47	A00003147	A00001650	0.0	A00001109	4.0	9.85	0.0
3779318277080088576	1.4	948.0		20.0	48	A00001653	A00001652	0.0	A00001121	2.5	6.0	0.0
3779318277088477184	1.4	904.0		20.0	49	A00001656	A00001655	0.0	A00001654	2.5	6.0	0.0
3779318277092671488	1.4	974.0		20.0	50	A00001653	A00001658	0.0	A00001657	2.5	6.0	0.0
3779318277101060096	1.6	674.0	A00001659	20.0	51	A00001661	A00003148	0.0	A00001399	6.0	11.85	0.0
3779318277105254400	1.4	1070.0	A00001662	20.0	52	A00003149	A00001663	0.0	A00001331	4.0	9.85	0.0
3779318277113643008	1.4	1629.0	A00001665	20.0	53	A00001667	A00003150	0.0	A00001415	6.0	11.85	0.0
3779318277117837312	1.4	1629.0	A00001668	20.0	54	A00003151	A00001669	0.0	A00001402	6.0	11.85	0.0
3779318277126225920	1.4	1627.0	A00001671	20.0	55	A00001673	A00001672	0.0	A00001337	4.0	9.85	0.0
3779318277134614528	1.4	1387.0	A00001675	20.0	56	A00001677	A00001676	0.0	A00001674	6.0	11.85	0.0
3779318277138808832	1.4	1387.0	A00001679	20.0	57	A00001681	A00003152	0.0	A00001678	6.0	11.85	0.0
3779318277151391744	1.4	969.0	A00001682	20.0	58	A00003153	A00003154	0.0	A00001334	4.0	9.85	0.0
3779318277159780352	1.4	1416.0	A00001685	20.0	59	A00003155	A00003156	0.0	A00001340	4.0	9.85	0.0
3779318277163974656	1.4	1625.0	A00001689	20.0	60	A00001691	A00001690	0.0	A00001688	6.0	11.85	0.0
3779318277172363264	1.4	1625.0	A00001692	20.0	61	A00001694	A00003157	0.0	A00000126	6.0	11.85	0.0
3779318277180751872	1.4	1867.0	A00001695	20.0	62	A00001697	A00001696	0.0	A00001343	4.0	9.85	0.0
3779318277189140480	1.4	1416.0		20.0	63	A00003158	A00003159	0.0	A00000135	4.0	9.85	0.0
3779318277193334784	1.4	1458.0	A00001701	20.0	64	A00001703	A00001702	0.0	A00001700	6.0	11.85	0.0
3779318277201723392	1.4	1458.0	A00001704	20.0	65	A00003160	A00001705	0.0	A00000128	6.0	11.85	0.0
3779318277205917696	1.4	1437.0		20.0	66	A00003161	A00001707	0.0	A00001346	4.0	9.85	0.0
3779318277214306304	1.4	2269.0	A00001710	20.0	67	A00003162	A00001711	0.0	A00001709	6.0	11.85	0.0
3779318277218500608	1.4	2269.0	A00001714	20.0	68	A00001716	A00003163	0.0	A00001713	6.0	11.85	0.0
3779318277226889216	1.4	1458.0		20.0	69	A00001718	A00001717	0.0	A00000131	6.0	11.85	0.0
3779318277231083520	1.4	1935.0		20.0	70	A00003164	A00001719	0.0	A00000162	1.5	6.0	0.0
3779318277239472128	1.4	1842.0	A00001721	20.0	71	A00001723	A00003165	0.0	A00001352	4.0	9.85	0.0
3779318277243666432	1.4	1838.0	A00001724	20.0	72	A00003166	A00001725	0.0	A00001409	6.0	11.85	0.0
3779318277252055040	1.4	1838.0	A00001728	20.0	73	A00001730	A00001729	0.0	A00001727	6.0	11.85	0.0
3779318277256249344	1.4	1856.0	A00001731	20.0	74	A00001733	A00003167	0.0	A00001355	4.0	9.85	0.0
3779318277264637952	1.4	1920.0	A00001734	20.0	75	A00001736	A00003168	0.0	A00001349	4.0	9.85	0.0
3779318277268832256	1.4	1663.0		20.0	76	A00003169	A00001737	0.0	A00000133	6.0	11.85	0.0
3779318277277220864	1.4	1256.0		20.0	77	A00001741	A00001740	0.0	A00001739	6.0	11.85	0.0
3779318277285609472	1.4	1256.0		20.0	78	A00003170	A00003171	0.0	A00000816	6.0	11.85	0.0
3779318277293998080	1.4	1247.0	A00001744	20.0	79	A00001746	A00001745	0.0	A00001358	4.0	9.85	0.0
3779318277306580992	1.4	1250.0		20.0	80	A00001749	A00003172	0.0	A00001747	4.0	9.85	1.0
3779318277310775296	1.4	1686.0		20.0	81	A00001752	A00003173	0.0	A00001750	6.0	11.85	0.0
3779318277319163904	1.4	1647.0		20.0	82	A00001755	A00003174	0.0	A00001753	2.5	6.0	0.0
3779318277327552512	1.4	1686.0		20.0	83	A00001758	A00001757	0.0	A00001756	6.0	11.85	0.0
3779318277331746816	1.4	1686.0		20.0	84	A00001761	A00001760	0.0	A00001759	6.0	11.85	0.0
3779318277340135424	1.4	1682.0		20.0	85	A00001763	A00001762	0.0	A00000829	4.0	9.85	0.0
3779318277344329728	1.4	1572.0	A00001765	20.0	86	A00003175	A00003176	0.0	A00001764	6.0	11.85	0.0
3779318277352718336	1.4	1572.0	A00001768	20.0	87	A00001770	A00001769	0.0	A00000826	4.0	9.85	0.0
3779318277356912640	1.4	1536.0	A00001771	20.0	88	A00001773	A00003177	0.0	A00001042	4.0	9.85	0.0
3779318277365301248	1.4	1342.0		20.0	89	A00003178	A00003179	0.0	A00000820	4.0	9.85	0.0
3779318277373689856	1.4	1193.0		20.0	90	A00003180	A00001777	0.0	A00001776	4.0	9.85	0.0
3779318277382078464	1.4	1347.0		20.0	91	A00001780	A00003181	0.0	A00000822	4.0	9.85	0.0
3779318277386272768	1.4	1333.0		20.0	92	A00001783	A00003182	0.0	A00001781	6.0	11.85	0.0
3779318277394661376	1.4	1333.0		20.0	93	A00003183	A00001785	0.0	A00001784	4.0	9.85	0.0
3779318277403049984	1.4	1325.0	A00001787	20.0	94	A00001789	A00001788	0.0	A00001373	4.0	9.85	0.0
3779318277407244288	1.4	1329.0	A00001791	20.0	95	A00001793	A00001792	0.0	A00001790	4.0	9.85	0.0
3779318277415632896	1.4	1464.0	A00001795	20.0	96	A00003184	A00003185	0.0	A00001794	4.0	9.85	0.0
3779318277419827200	1.4	1187.0	A00001798	20.0	97	A00001800	A00001799	0.0	A00000854	4.0	9.85	0.0
3779318277428215808	1.4	1182.0		20.0	98	A00001802	A00001801	0.0	A00001015	2.5	6.0	0.0
3779318277432410112	1.4	1187.0		20.0	99	A00001804	A00001803	0.0	A00000991	4.0	9.85	0.0
3779318277440798720	1.4	914.0	A00001806	20.0	100	A00001808	A00001807	0.0	A00001805	4.0	9.85	0.0
3779318277444993024	1.4	1188.0		20.0	101	A00001810	A00001809	0.0	A00001024	4.0	9.85	0.0
3779318277453381632	1.4	934.0		20.0	102	A00001812	A00003186	0.0	A00001020	2.5	6.0	0.0
3779318277461770240	1.4	1127.0		20.0	103	A00001814	A00001813	0.0	A00001016	2.5	6.0	0.0
3779318277465964544	1.4	1127.0		20.0	104	A00003187	A00001815	0.0	A00001018	2.5	6.0	0.0
3779318277470158848	1.4	1087.0	A00001817	20.0	105	A00001819	A00003188	0.0	A00001022	2.5	6.0	0.0
3779318277478547456	1.4	1527.0		20.0	106	A00001821	A00001820	0.0	A00000985	2.5	6.0	0.0
3779318277486936064	1.4	1074.0		20.0	107	A00001823	A00003189	0.0	A00000987	2.5	6.0	0.0
3779318277491130368	1.4	1028.0	A00001824	20.0	108	A00001826	A00001825	0.0	A00000265	2.5	6.0	0.0
3779318277499518976	1.4	943.0	A00001827	20.0	109	A00001829	A00001828	0.0	A00000989	2.5	6.0	0.0
3779318277507907584	1.4	41.0		20.0	110	A00003190	A00001831	0.0	A00001830	2.5	6.0	0.0
3779318277516296192	1.4	41.0		20.0	111	A00001834	A00001833	0.0	A00000268	2.5	6.0	0.0
3779318277520490496	1.4	40.0		20.0	112	A00001836	A00001835	0.0	A00000038	2.5	6.0	0.0
3779318277528879104	1.4	1233.0		20.0	113	A00003191	A00001837	0.0	A00000993	4.0	9.85	0.0
3779318277533073408	1.4	993.0	A00001839	20.0	114	A00003192	A00001840	0.0	A00000996	4.0	9.85	0.0
3779318277541462016	1.4	954.0		20.0	115	A00001843	A00003193	0.0	A00000999	4.0	9.85	0.0
3779318277549850624	1.4	88.0		20.0	116	A00001845	A00001844	0.0	A00000272	4.0	9.85	0.0
3779318277554044928	1.4	88.0		20.0	117	A00001847	A00001846	0.0	A00000276	4.0	9.85	0.0
3779318277562433536	1.4	70.0		20.0	118	A00001849	A00003194	0.0	A00000279	4.0	9.85	0.0
3779318277566627840	1.4	61.0	A00001850	20.0	119	A00001852	A00001851	0.0	A00000043	4.0	9.85	0.0
3779318277575016448	1.4	25.0	A00001853	20.0	120	A00003195	A00003196	0.0	A00000048	4.0	9.85	0.0
3779318277583405056	1.4	7.0		20.0	121	A00003197	A00003198	0.0	A00000282	4.0	9.85	0.0
3779318277587599360	1.4	7.0		20.0	122	A00001859	A00003199	0.0	A00000383	4.0	9.85	0.0
3779318277595987968	1.4	1.0		20.0	123	A00001861	A00003200	0.0	A00000285	4.0	9.85	0.0
3779318277600182272	1.4	4.0		20.0	124	A00001863	A00003201	0.0	A00000297	4.0	9.85	0.0
3779318277608570880	1.4	8.0		20.0	125	A00001865	A00001864	0.0	A00000287	4.0	9.85	0.0
3779318277612765184	1.4	2.0		20.0	126	A00001867	A00001866	0.0	A00001078	4.0	9.85	0.0
3779318277621153792	1.4	3.0		20.0	127	A00003202	A00001868	0.0	A00001080	4.0	9.85	0.0
3779318277625348096	1.4	2.0		20.0	128	A00003203	A00003204	0.0	A00001069	4.0	9.85	0.0
3779318277633736704	1.4	30.0		20.0	129	A00001873	A00001872	0.0	A00000294	4.0	9.85	0.0
3779318277642125312	1.4	32.0		20.0	130	A00001875	A00003205	0.0	A00000270	2.5	6.0	0.0
3779318277646319616	1.4	1164.0	A00001876	20.0	131	A00003206	A00001877	0.0	A00001001	4.0	9.85	0.0
3779318277654708224	1.4	986.0	A00001879	20.0	132	A00001881	A00001880	0.0	A00001004	4.0	9.85	0.0
3779318277658902528	1.4	1254.0		20.0	133	A00003207	A00003208	0.0	A00001007	4.0	9.85	0.0
3779318277667291136	1.4	398.0		20.0	134	A00001885	A00003209	0.0	A00000301	4.0	9.85	0.0
3779318277675679744	1.4	58.0	A00001887	20.0	135	A00001889	A00001888	0.0	A00001886	4.0	9.85	0.0
3779318277684068352	1.4	1327.0	A00001890	20.0	136	A00003210	A00003211	0.0	A00001363	4.0	9.85	0.0
3779318277688262656	1.4	25.0	A00001893	20.0	137	A00001895	A00003212	0.0	A00000354	4.0	9.85	0.0
3779318277696651264	1.4	3242.0	A00001897	20.0	138	A00001899	A00003213	0.0	A00001896	2.5	6.0	0.0
3779318277700845568	1.4	6.0		20.0	139	A00001901	A00003214	0.0	A00000304	4.0	9.85	0.0
3779318277709234176	1.4	1531.0	A00001902	20.0	140	A00003215	A00003216	0.0	A00000778	4.0	9.85	0.0
3779318277717622784	1.4	995.0	A00001906	20.0	141	A00003217	A00001907	0.0	A00001905	4.0	9.85	0.0
3779318277721817088	1.4	20.0		20.0	142	A00003218	A00001909	0.0	A00000357	4.0	9.85	0.0
3779318277730205696	1.6	666.0	A00001911	20.0	143	A00001913	A00003219	0.0	A00000308	4.0	9.85	0.0
3779318277738594304	1.4	534.0		20.0	144	A00001915	A00003220	0.0	A00000064	4.0	9.85	0.0
3779318277746982912	1.4	50.0		20.0	145	A00001917	A00001916	0.0	A00000066	4.0	9.85	0.0
3779318277751177216	1.4	43.0		20.0	146	A00001919	A00001918	0.0	A00000076	4.0	9.85	0.0
3779318277759565824	1.4	43.0		20.0	147	A00001921	A00001920	0.0	A00000060	4.0	9.85	0.0
3779318277763760128	1.4	43.0		20.0	148	A00001923	A00001922	0.0	A00000062	4.0	9.85	0.0
3779318277772148736	1.4	126.0		20.0	149	A00001926	A00001925	0.0	A00001924	2.5	9.85	0.0
3779318277776343040	1.4	126.0		20.0	150	A00001928	A00003221	0.0	A00000068	2.5	9.85	0.0
3779318277784731648	1.4	450.0	A00001929	20.0	151	A00001931	A00003222	0.0	A00001461	2.5	7.5	0.0
3779318277793120256	1.4	64.0		20.0	152	A00001933	A00003223	0.0	A00000070	2.5	6.0	0.0
3779318277797314560	1.4	59.0		20.0	153	A00001935	A00003224	0.0	A00000041	2.5	6.0	0.0
3779318277805703168	1.4	10.0		20.0	154	A00003225	A00003226	0.0	A00000058	2.5	5.0	0.0
3779318277809897472	1.4	10.0		20.0	155	A00001939	A00003227	0.0	A00000074	2.5	5.0	0.0
3779318277818286080	1.4	15.0		20.0	156	A00001941	A00003228	0.0	A00000053	4.0	9.85	0.0
3779318277822480384	1.4	20.0		20.0	157	A00001943	A00001942	0.0	A00000055	4.0	9.85	0.0
3779318277830868992	1.4	16.0		20.0	158	A00001945	A00003229	0.0	A00000072	4.0	9.85	0.0
3779318277835063296	1.4	5.0		20.0	159	A00001947	A00001946	0.0	A00000326	4.0	9.85	0.0
3779318277843451904	1.4	11.0		20.0	160	A00003230	A00003231	0.0	A00000324	4.0	9.85	0.0
3779318277847646208	1.4	6.0		20.0	161	A00001951	A00001950	0.0	A00000375	4.0	9.85	0.0
3779318277856034816	1.4	3.0		20.0	162	A00003232	A00003233	0.0	A00001072	4.0	9.85	0.0
3779318277868617728	1.4	13.0		20.0	163	A00001955	A00003234	0.0	A00000310	4.0	9.85	0.0
3779318277872812032	1.4	69.0		20.0	164	A00001957	A00003235	0.0	A00000333	4.0	9.85	0.0
3779318277881200640	1.4	42.0		20.0	165	A00001959	A00001958	0.0	A00000337	4.0	9.85	0.0
3779318277889589248	1.4	56.0		20.0	166	A00001961	A00001960	0.0	A00000372	4.0	9.85	0.0
3779318277893783552	1.4	42.0		20.0	167	A00001963	A00003236	0.0	A00000335	4.0	9.85	0.0
3779318277902172160	1.4	58.0		20.0	168	A00003237	A00003238	0.0	A00001964	4.0	9.85	0.0
3779318277906366464	1.4	59.0		20.0	169	A00001968	A00001967	0.0	A00000698	4.0	9.85	0.0
3779318277914755072	1.4	59.0		20.0	170	A00001970	A00003239	0.0	A00000763	2.5	6.0	0.0
3779318277918949376	1.4	38.0		20.0	171	A00001972	A00003240	0.0	A00000033	4.0	9.85	0.0
3779318277927337984	1.4	7.0		20.0	172	A00001974	A00003241	0.0	A00000704	4.0	9.85	0.0
3779318277935726592	1.4	15.0		20.0	173	A00001977	A00001976	0.0	A00001975	4.0	9.85	0.0
3779318277939920896	1.4	7.0		20.0	174	A00001979	A00003242	0.0	A00000710	2.5	6.0	0.0
3779318277948309504	1.4	50.0		20.0	175	A00003243	A00003244	0.0	A00000765	1.0	6.0	0.0
3779318277952503808	1.4	29.0	A00001982	20.0	176	A00003245	A00003246	0.0	A00000331	4.0	9.85	0.0
3779318277960892416	1.4	3.0		20.0	177	A00003247	A00003248	0.0	A00000322	1.5	9.85	0.0
3779318277965086720	1.4	20.0	A00001987	20.0	178	A00003249	A00003250	0.0	A00000380	1.5	9.85	0.0
3779318277973475328	1.4	50.0		20.0	179	A00001991	A00001990	0.0	A00000701	4.0	9.85	0.0
3779318277977669632	1.4	7.0	A00001992	20.0	180	A00003251	A00001993	0.0	A00000767	4.0	9.85	0.0
3779318277986058240	1.4	35.3		20.0	181	A00003252	A00001995	0.0	A00000752	4.0	9.85	0.0
3779318277994446848	1.4	30.0		20.0	182	A00001998	A00001997	0.0	A00000712	4.0	9.85	0.0
3779318278002835456	1.4	30.0		20.0	183	A00002000	A00001999	0.0	A00000773	2.5	6.0	0.0
3779318278007029760	1.4	8.0		20.0	184	A00002002	A00002001	0.0	A00000706	4.0	9.85	0.0
3779318278011224064	1.4	12.0		20.0	185	A00002004	A00003253	0.0	A00000035	4.0	9.85	0.0
3779318278019612672	1.4	26.0		20.0	186	A00003254	A00002005	0.0	A00000708	4.0	9.85	0.0
3779318278028001280	1.4	54.0		20.0	187	A00002008	A00002007	0.0	A00000754	4.0	9.85	0.0
3779318278032195584	1.4	113.0		20.0	188	A00002010	A00003255	0.0	A00000756	4.0	9.85	0.0
3779318278040584192	1.4	124.0		20.0	189	A00003256	A00003257	0.0	A00000758	4.0	9.85	0.0
3779318278044778496	1.4	124.0		20.0	190	A00003258	A00002013	0.0	A00000761	4.0	9.85	0.0
3779318278053167104	1.4	163.0		20.0	191	A00002016	A00003259	0.0	A00000533	4.0	9.85	0.0
3779318278057361408	1.4	176.0		20.0	192	A00003260	A00003261	0.0	A00000535	4.0	9.85	0.0
3779318278065750016	1.4	208.9		20.0	193	A00003262	A00002019	0.0	A00000549	4.0	9.85	0.0
3779318278069944320	1.4	210.0		20.0	194	A00002022	A00003263	0.0	A00000543	2.5	6.0	0.0
3779318278078332928	1.4	3.0		20.0	195	A00002024	A00003264	0.0	A00000729	4.0	9.85	0.0
3779318278082527232	1.4	3.0		20.0	196	A00003265	A00002025	0.0	A00000750	4.0	9.85	0.0
3779318278090915840	1.4	3.0		20.0	197	A00002028	A00002027	0.0	A00001508	4.0	9.85	0.0
3779318278095110144	1.4	209.0		20.0	198	A00002030	A00003266	0.0	A00000547	2.5	6.0	0.0
3779318278103498752	1.4	187.0		20.0	199	A00002032	A00002031	0.0	A00000554	2.5	6.0	0.0
3779318278111887360	1.4	188.0		20.0	200	A00003267	A00003268	0.0	A00000545	2.5	6.0	0.0
3779318278116081664	1.4	175.0		20.0	201	A00002036	A00003269	0.0	A00001244	2.5	6.0	0.0
3779318278124470272	1.4	163.0		20.0	202	A00002038	A00003270	0.0	A00000537	2.5	6.0	0.0
3779318278128664576	1.4	163.0		20.0	203	A00002040	A00003271	0.0	A00000541	2.5	6.0	0.0
3779318278137053184	1.4	163.0		20.0	204	A00002042	A00002041	0.0	A00000552	4.0	9.85	0.0
3779318278141247488	1.4	163.0		20.0	205	A00002044	A00002043	0.0	A00000539	2.5	6.0	0.0
3779318278149636096	1.6	70.0	A00002046	20.0	206	A00002048	A00002047	0.0	A00002045	4.0	9.85	0.0
3779318278153830400	1.4	157.0		20.0	207	A00002050	A00003272	0.0	A00000720	4.0	9.85	0.0
3779318278162219008	1.4	60.0		20.0	208	A00003273	A00003274	0.0	A00000718	4.0	9.85	0.0
3779318278170607616	1.4	61.0		20.0	209	A00003275	A00003276	0.0	A00002053	2.5	6.0	0.0
3779318278174801920	1.4	3.0		20.0	210	A00002057	A00003277	0.0	A00000716	4.0	9.85	0.0
3779318278183190528	1.4	52.0		20.0	211	A00002059	A00003278	0.0	A00000723	4.0	9.85	0.0
3779318278187384832	1.4	85.0		20.0	212	A00002061	A00002060	0.0	A00000725	4.0	9.85	0.0
3779318278195773440	1.4	27.0		20.0	213	A00002063	A00002062	0.0	A00000727	4.0	9.85	0.0
3779318278204162048	1.4	110.0		20.0	214	A00003279	A00002064	0.0	A00000775	2.5	6.0	0.0
3779318278212550656	1.4	15.0		20.0	215	A00002067	A00003280	0.0	A00000741	4.0	9.85	0.0
3779318278216744960	1.4	70.0		20.0	216	A00002069	A00002068	0.0	A00000746	2.5	6.0	0.0
3779318278225133568	1.4	15.0		20.0	217	A00003281	A00003282	0.0	A00000743	4.0	9.85	0.0
3779318278233522176	1.4	7.0		20.0	218	A00003283	A00003284	0.0	A00000737	4.0	9.85	0.0
3779318278241910784	1.4	10.0		20.0	219	A00003285	A00002074	0.0	A00000733	4.0	9.85	0.0
3779318278246105088	1.4	10.0		20.0	220	A00003286	A00002076	0.0	A00000735	4.0	9.85	0.0
3779318278254493696	1.4	2.0		20.0	221	A00003287	A00002078	0.0	A00001063	2.5	5.0	0.0
3779318278258688000	1.4	2.0		20.0	222	A00003288	A00003289	0.0	A00001067	2.5	4.5	0.0
3779318278267076608	1.4	2.0		20.0	223	A00002083	A00003290	0.0	A00001076	2.5	4.5	0.0
3779318278271270912	1.4	13.0		20.0	224	A00002085	A00002084	0.0	A00000370	1.5	4.0	0.0
3779318278279659520	1.4	12.0		20.0	225	A00002088	A00003291	0.0	A00002086	1.5	4.0	0.0
3779318278283853824	1.4	12.0		20.0	226	A00003292	A00002089	0.0	A00000367	1.5	4.0	0.0
3779318278292242432	1.4	28.0		20.0	227	A00002092	A00003293	0.0	A00000955	1.5	4.0	0.0
3779318278296436736	1.4	25.0		20.0	228	A00002095	A00003294	0.0	A00002093	1.5	4.0	0.0
3779318278304825344	1.4	25.0		20.0	229	A00002097	A00002096	0.0	A00000364	1.5	4.0	0.0
3779318278309019648	1.4	1.0		20.0	230	A00003295	A00002098	0.0	A00000339	4.0	9.85	0.0
3779318278317408256	1.4	7.0	A00002100	20.0	231	A00002102	A00003296	0.0	A00000345	1.5	4.0	0.0
3779318278321602560	1.4	33.0		20.0	232	A00002104	A00002103	0.0	A00000951	1.5	4.0	0.0
3779318278329991168	1.4	27.0		20.0	233	A00002106	A00003297	0.0	A00000953	1.5	4.0	0.0
3779318278338379776	1.4	37.0		20.0	234	A00003298	A00003299	0.0	A00000949	1.5	4.0	0.0
3779318278346768384	1.4	50.0		20.0	235	A00002111	A00003300	0.0	A00002109	1.5	4.0	0.0
3779318278355156992	1.4	9.0		20.0	236	A00003301	A00003302	0.0	A00000349	1.5	4.0	0.0
3779318278359351296	1.4	9.0		20.0	237	A00003303	A00002114	0.0	A00000351	1.5	4.0	0.0
3779318278367739904	1.4	9.0		20.0	238	A00003304	A00002116	0.0	A00000859	1.5	4.0	0.0
3779318278376128512	1.4	9.0		20.0	239	A00002120	A00002119	0.0	A00002118	1.5	4.0	0.0
3779318278380322816	1.4	9.0		20.0	240	A00003305	A00002121	0.0	A00000860	1.5	4.0	0.0
3779318278388711424	1.4	9.0		20.0	241	A00003306	A00003307	0.0	A00000862	1.5	4.0	0.0
3779318278392905728	1.4	17.0		20.0	242	A00003308	A00003309	0.0	A00000864	1.5	4.0	0.0
3779318278401294336	1.4	13.0		20.0	243	A00003310	A00003311	0.0	A00000866	1.5	4.0	0.0
3779318278405488640	1.4	12.0		20.0	244	A00002130	A00002129	0.0	A00000869	1.5	4.0	0.0
3779318278413877248	1.4	12.0		20.0	245	A00003312	A00003313	0.0	A00000872	1.5	4.0	0.0
3779318278422265856	1.4	12.0		20.0	246	A00003314	A00002133	0.0	A00000875	1.5	4.0	0.0
3779318278426460160	1.4	12.0		20.0	247	A00002136	A00003315	0.0	A00000877	1.5	4.0	0.0
3779318278434848768	1.4	26.0		20.0	248	A00003316	A00003317	0.0	A00000958	1.5	4.0	0.0
3779318278443237376	1.4	26.0		20.0	249	A00002141	A00002140	0.0	A00002139	1.5	4.0	0.0
3779318278447431680	1.4	50.0		20.0	250	A00002143	A00002142	0.0	A00000937	2.5	6.0	0.0
3779318278455820288	1.4	50.0		20.0	251	A00003318	A00002144	0.0	A00000934	2.5	6.0	0.0
3779318278460014592	1.4	150.0		20.0	252	A00003319	A00002146	0.0	A00000932	2.5	6.0	0.0
3779318278468403200	1.4	366.0		20.0	253	A00002149	A00003320	0.0	A00000912	4.0	9.85	0.0
3779318278472597504	1.4	207.0		20.0	254	A00002151	A00003321	0.0	A00000910	4.0	9.85	0.0
3779318278480986112	1.4	154.0		20.0	255	A00003322	A00003323	0.0	A00000939	2.5	6.0	0.0
3779318278485180416	1.4	154.0		20.0	256	A00002155	A00003324	0.0	A00000942	2.5	6.0	0.0
3779318278493569024	1.4	154.0		20.0	257	A00002157	A00002156	0.0	A00000944	2.5	6.0	0.0
3779318278497763328	1.4	154.0		20.0	258	A00003325	A00003326	0.0	A00002158	2.5	6.0	0.0
3779318278506151936	1.4	154.0		20.0	259	A00002163	A00003327	0.0	A00002161	2.5	6.0	0.0
3779318278510346240	1.4	154.0		20.0	260	A00002166	A00002165	0.0	A00002164	2.5	6.0	0.0
3779318278518734848	1.4	154.0		20.0	261	A00003328	A00002168	0.0	A00002167	2.5	6.0	0.0
3779318278527123456	1.4	154.0		20.0	262	A00002171	A00003329	0.0	A00000947	2.5	6.0	0.0
3779318278535512064	1.4	154.0		20.0	263	A00002173	A00002172	0.0	A00000980	2.5	6.0	0.0
3779318278539706368	1.4	42.0		20.0	264	A00003330	A00002174	0.0	A00000885	4.0	9.85	0.0
3779318278543900672	1.4	150.0	A00002176	20.0	265	A00003331	A00002177	0.0	A00000889	4.0	9.85	0.0
3779318278552289280	1.4	151.0	A00002180	20.0	266	A00002182	A00002181	0.0	A00002179	4.0	9.85	0.0
3779318278560677888	1.4	146.0		20.0	267	A00003332	A00003333	0.0	A00000907	4.0	9.85	0.0
3779318278569066496	1.4	207.0		20.0	268	A00002186	A00002185	0.0	A00000976	2.5	6.0	0.0
3779318278573260800	1.4	154.0		20.0	269	A00002188	A00003334	0.0	A00000914	4.0	9.85	0.0
3779318278581649408	1.4	118.0		20.0	270	A00002190	A00003335	0.0	A00000916	4.0	9.85	0.0
3779318278585843712	1.4	118.0		20.0	271	A00002192	A00003336	0.0	A00000972	4.0	9.85	0.0
3779318278594232320	1.4	118.0		20.0	272	A00002195	A00003337	0.0	A00002193	4.0	9.85	0.0
3779318278602620928	1.4	11.0		20.0	273	A00003338	A00002196	0.0	A00000921	4.0	9.85	0.0
3779318278606815232	1.4	35.0		20.0	274	A00003339	A00003340	0.0	A00000982	4.0	9.85	0.0
3779318278615203840	1.4	35.0		20.0	275	A00002201	A00002200	0.0	A00000919	4.0	9.85	0.0
3779318278619398144	1.4	10.0		20.0	276	A00003341	A00003342	0.0	A00000927	4.0	9.85	0.0
3779318278627786752	1.4	10.0		20.0	277	A00002206	A00003343	0.0	A00002204	4.0	9.85	0.0
3779318278631981056	1.4	10.0		20.0	278	A00002208	A00003344	0.0	A00000974	4.0	9.85	0.0
3779318278640369664	1.4	10.0		20.0	279	A00003345	A00003346	0.0	A00002209	4.0	9.85	0.0
3779318278644563968	1.4	20.0		20.0	280	A00002213	A00002212	0.0	A00000359	4.0	9.85	0.0
3779318278652952576	1.4	23.0		20.0	281	A00003347	A00003348	0.0	A00000966	2.5	6.0	0.0
3779318278657146880	1.4	23.0		20.0	282	A00002217	A00003349	0.0	A00000879	4.0	9.85	0.0
3779318278665535488	1.4	23.0		20.0	283	A00003350	A00003351	0.0	A00000377	2.5	6.0	0.0
3779318278669729792	1.4	10.0		20.0	284	A00002221	A00003352	0.0	A00000924	4.0	9.85	0.0
3779318278678118400	1.4	10.0		20.0	285	A00003353	A00002222	0.0	A00000978	2.5	6.0	0.0
3779318278686507008	1.4	22.0		20.0	286	A00002226	A00003354	0.0	A00002224	4.0	9.85	0.0
3779318278694895616	1.4	22.0		20.0	287	A00002228	A00003355	0.0	A00000882	4.0	9.85	0.0
3779318278699089920	1.4	10.0		20.0	288	A00002230	A00002229	0.0	A00000930	4.0	9.85	0.0
3779318278707478528	1.4	10.0		20.0	289	A00002232	A00003356	0.0	A00000969	4.0	9.85	0.0
3779318278753615872	1.4	81.0		20.0	296	A00003357	A00003358	0.0	A00000892	4.0	9.85	0.0
3779318279089160192	1.4	124.0		20.0	344	A00002353	A00002352	0.0	A00000420	4.0	9.85	0.0
3779318279093354496	1.4	723.0		20.0	345	A00003359	A00002355	0.0	A00002354	4.0	9.85	0.0
3779318279101743104	1.4	900.0	A00002357	20.0	346	A00003360	A00003361	0.0	A00001013	4.0	9.85	0.0
3779318279110131712	1.4	432.0		20.0	347	A00002361	A00002360	0.0	A00001011	4.0	9.85	0.0
3779318279114326016	1.4	900.0		20.0	348	A00002364	A00003362	0.0	A00002362	4.0	9.85	0.0
3779318279122714624	1.4	907.0	A00002365	20.0	349	A00003363	A00002366	0.0	A00001009	4.0	9.85	0.0
3779318279126908928	1.4	896.0	A00002368	20.0	350	A00002370	A00002369	0.0	A00001366	4.0	9.85	0.0
3779318279135297536	1.4	896.0		20.0	351	A00002372	A00002371	0.0	A00001316	4.0	9.85	0.0
3779318279139491840	1.4	1063.0		20.0	352	A00003364	A00002373	0.0	A00001040	4.0	9.85	0.0
3779318279156269056	1.4	220.0		20.0	354	A00002378	A00002377	0.0	A00000437	1.5	6.0	0.0
3779318279160463360	1.4	220.0		20.0	355	A00002380	A00003365	0.0	A00000407	4.0	9.85	0.0
3779318279168851968	1.4	520.0	A00002381	20.0	356	A00003366	A00002382	0.0	A00000405	4.0	9.85	0.0
3779318279173046272	1.4	750.0		20.0	357	A00003367	A00002384	0.0	A00000403	4.0	9.85	0.0
3779318279181434880	1.4	520.0	A00002386	20.0	358	A00003368	A00003369	0.0	A00001038	4.0	9.85	0.0
3779318279185629184	1.4	378.0	A00002389	20.0	359	A00002391	A00003370	0.0	A00001036	4.0	9.85	0.0
3779318279194017792	1.4	378.0	A00002392	20.0	360	A00002394	A00002393	0.0	A00001031	4.0	9.85	0.0
3779318279198212096	1.4	378.0		20.0	361	A00003371	A00002395	0.0	A00001034	4.0	9.85	0.0
3779318279206600704	1.4	1230.0	A00002397	20.0	362	A00002399	A00002398	0.0	A00001026	4.0	9.85	0.0
3779318279210795008	1.4	1230.0		20.0	363	A00003372	A00003373	0.0	A00001028	4.0	9.85	0.0
3779318279286292480	1.4	1230.0	A00002424	20.0	373	A00002426	A00002425	0.0	A00002423	4.0	9.85	0.0
3779318279294681088	1.4	1500.0		20.0	374	A00002428	A00002427	0.0	A00000123	4.0	9.85	0.0
3779318279298875392	1.4	1500.0		20.0	375	A00002431	A00002430	0.0	A00002429	4.0	9.85	0.0
3779318279307264000	1.4	1584.0	A00002432	20.0	376	A00002434	A00002433	0.0	A00000818	4.0	9.85	0.0
3779318279315652608	1.4	1478.0	A00002436	20.0	377	A00002438	A00002437	0.0	A00002435	4.0	9.85	0.0
3779318279324041216	1.4	1478.0		20.0	378	A00003374	A00003375	0.0	A00002439	4.0	9.85	0.0
3779318279961575424	1.4	1696.0		20.0	472	A00002655	A00002654	0.0	A00002653	4.0	9.85	1.0
3779318279969964032	1.4	1750.0		20.0	473	A00002657	A00002656	0.0	A00000831	4.0	9.85	1.0
3779318279978352640	1.4	1537.0		20.0	474	A00002659	A00003376	0.0	A00000167	2.5	6.0	0.0
3779318279982546944	1.4	1537.0	A00002661	20.0	475	A00003377	A00003378	0.0	A00002660	4.0	9.85	0.0
3779318279990935552	1.4	1650.0		20.0	476	A00003379	A00002664	0.0	A00000137	4.0	9.85	1.0
3779318279999324160	1.4	1600.0		20.0	477	A00003380	A00003381	0.0	A00002666	4.0	9.85	1.0
3779318280003518464	1.4	1600.0		20.0	478	A00002670	A00002669	0.0	A00000139	4.0	9.85	0.0
3779318280024489984	1.4	1500.0		20.0	481	A00003382	A00003383	0.0	A00000141	4.0	9.85	0.0
3779318280058044416	1.4	1772.0	A00002689	20.0	486	A00002691	A00003384	0.0	A00002688	4.0	9.85	1.0
3779318280066433024	1.4	1420.0		20.0	487	A00002694	A00003385	0.0	A00002692	4.0	9.85	1.0
3779318280410365952	1.4	1537.0		20.0	535	A00002808	A00003386	0.0	A00000165	2.5	6.0	0.0
3779318280418754560	1.4	1537.0		20.0	536	A00003387	A00003388	0.0	A00000148	2.5	6.0	0.0
3779318280422948864	1.4	1537.0		20.0	537	A00002812	A00002811	0.0	A00000151	2.5	6.0	0.0
3779318280687190016	1.4	1157.0		20.0	576	A00003389	A00003390	0.0	A00000833	2.5	6.0	0.0
3779318280691384320	1.4	1157.0		20.0	577	A00003391	A00003392	0.0	A00000781	2.5	6.0	0.0
3779318280699772928	1.4	1122.0		20.0	578	A00002901	A00003393	0.0	A00000802	2.5	6.0	0.0
3779318280703967232	1.4	1439.0		20.0	579	A00003394	A00003395	0.0	A00000790	2.5	6.0	0.0
3779318280712355840	1.4	1199.0		20.0	580	A00002905	A00003396	0.0	A00000814	2.5	6.0	0.0
3779318280716550144	1.4	1199.0		20.0	581	A00003397	A00002907	0.0	A00002906	2.5	6.0	0.0
3779318280724938752	1.4	1439.0		20.0	582	A00002911	A00002910	0.0	A00002909	2.5	6.0	0.0
3779318280729133056	1.4	1451.0		20.0	583	A00002913	A00003398	0.0	A00000793	2.5	6.0	0.0
3779318280737521664	1.4	1308.0	A00002914	20.0	584	A00002916	A00003399	0.0	A00001448	2.5	6.0	0.0
3779318280741715968	1.4	1445.0		20.0	585	A00003400	A00003401	0.0	A00002917	2.5	6.0	0.0
3779318280750104576	1.4	1122.0		20.0	586	A00002921	A00002920	0.0	A00000796	2.5	6.0	0.0
3779318280754298880	1.4	1122.0		20.0	587	A00002923	A00002922	0.0	A00000799	2.5	6.0	0.0
3779318280762687488	1.4	1122.0		20.0	588	A00002926	A00003402	0.0	A00002924	2.5	6.0	0.0
3779318280766881792	1.4	1122.0		20.0	589	A00003403	A00002927	0.0	A00000806	2.5	6.0	0.0
3779318280775270400	1.4	1122.0		20.0	590	A00002930	A00003404	0.0	A00000808	2.5	6.0	0.0
3779318280783659008	1.4	1122.0		20.0	591	A00003405	A00003406	0.0	A00000810	2.5	6.0	0.0
3779318280792047616	1.4	1122.0		20.0	592	A00002934	A00003407	0.0	A00000812	2.5	6.0	0.0
3779318280800436224	1.4	2715.0	A00002935	20.0	593	A00002937	A00002936	0.0	A00001221	2.5	6.0	0.0
3779318280804630528	1.4	3600.0	A00002938	20.0	594	A00003408	A00002939	0.0	A00001384	2.5	6.0	0.0
3779318280813019136	1.4	2920.0		20.0	595	A00003409	A00002941	0.0	A00000835	2.5	6.0	0.0
3779318280817213440	1.4	2951.0	A00002943	20.0	596	A00002945	A00003410	0.0	A00000838	2.5	6.0	0.0
3779318280825602048	1.4	3242.0	A00002946	20.0	597	A00002948	A00003411	0.0	A00000841	2.5	6.0	0.0
3779318280833990656	1.4	3242.0		20.0	598	A00002951	A00002950	0.0	A00002949	2.5	6.0	0.0
3779318280838184960	1.4	2800.0		20.0	599	A00002953	A00002952	0.0	A00000843	2.5	6.0	0.0
3779318280846573568	1.4	2128.0		20.0	600	A00002955	A00003412	0.0	A00000847	2.5	6.0	0.0
3779318280850767872	1.4	1817.0		20.0	601	A00002957	A00003413	0.0	A00000097	2.5	6.0	0.0
3779318280859156480	1.4	1999.0		20.0	602	A00002959	A00003414	0.0	A00000849	2.5	6.0	0.0
3779318280867545088	1.4	1999.0		20.0	603	A00003415	A00002960	0.0	A00000095	2.5	6.0	0.0
3779318280871739392	1.4	2800.0		20.0	604	A00002963	A00002962	0.0	A00000851	2.5	6.0	0.0
3779318280880128000	1.4	2800.0		20.0	605	A00002965	A00003416	0.0	0623732+300m	2.5	6.0	0.0
3779318280884322304	1.4	1580.0		20.0	606	A00003417	A00002966	0.0	A00000093	2.5	9.85	0.0
3779318280892710912	1.4	1683.0	A00002968	20.0	607	A00002970	A00002969	0.0	A00000091	2.5	9.85	0.0
3779318280896905216	1.4	2256.0		20.0	608	A00002972	A00003418	0.0	A00000153	2.5	6.0	0.0
3779318280905293824	1.4	2256.0		20.0	609	A00003419	A00003420	0.0	A00002973	2.5	9.85	0.0
3779318280909488128	1.4	1651.0		20.0	610	A00002977	A00003421	0.0	A00000101	2.5	6.0	0.0
3779318280917876736	1.4	1609.0		20.0	611	A00003422	A00002978	0.0	A00000160	2.5	6.0	0.0
3779318280926265344	1.4	1637.0		20.0	612	A00002981	A00002980	0.0	A00000104	2.5	6.0	0.0
3779318280930459648	1.4	1669.0		20.0	613	A00002983	A00003423	0.0	A00000109	2.5	6.0	0.0
3779318280938848256	1.4	1694.0		20.0	614	A00003424	A00002984	0.0	A00000107	2.5	6.0	0.0
3779318280943042560	1.4	1669.0		20.0	615	A00002987	A00003425	0.0	A00000117	2.5	6.0	0.0
3779318280951431168	1.4	1669.0		20.0	616	A00003426	A00003427	0.0	A00000156	2.5	6.0	0.0
3779318280955625472	1.4	1669.0		20.0	617	A00002991	A00003428	0.0	A00000113	2.5	6.0	0.0
3779318280964014080	1.4	1669.0		20.0	618	A00002993	A00002992	0.0	A00000232	2.5	6.0	0.0
3779318280968208384	1.4	1669.0		20.0	619	A00002995	A00002994	0.0	A00000115	2.5	6.0	0.0
3779318280976596992	1.4	1637.0		20.0	620	A00003429	A00002996	0.0	A00000119	2.5	6.0	0.0
3779318280980791296	1.4	1637.0		20.0	621	A00003000	A00002999	0.0	A00002998	2.5	6.0	0.0
3779318280989179904	1.4	1637.0		20.0	622	A00003003	A00003430	0.0	A00003001	2.5	6.0	0.0
3779318280997568512	1.4	1637.0		20.0	623	A00003006	A00003005	0.0	A00003004	2.5	6.0	0.0
3779318281001762816	1.4	1637.0		20.0	624	A00003431	A00003432	0.0	A00000121	1.5	4.0	0.0
3779318281010151424	1.4	1637.0		20.0	625	A00003010	A00003009	0.0	A00000158	1.5	4.0	0.0
3779318281031122944	1.4	2.0	A00003016	20.0	628	A00003018	A00003433	0.0	A00000313	1.5	9.85	0.0
3779318281089843200	1.4	8.0		20.0	637	A00003434	A00003035	0.0	A00000306	4.0	9.85	0.0
3779318281098231808	1.4	143.0	A00003037	20.0	638	A00003435	A00003436	0.0	A00000444	6.0	11.85	0.0
3779318281106620416	1.4	164.0		20.0	639	A00003437	A00003040	0.0	A00001303	6.0	11.85	0.0
3779318281110814720	1.4	251.0	A00003043	20.0	640	A00003438	A00003439	0.0	A00003042	6.0	11.85	0.0
3779318281119203328	1.4	300.0		20.0	641	A00003440	A00003441	0.0	A00003046	6.0	11.85	0.0
3779318281123397632	1.4	240.0		20.0	642	A00003050	A00003442	0.0	A00001465	6.0	11.85	0.0
dummy_1	1.0	1475.0	#N/A		-1	A00003443	A00003383		dummy_1	4.0	9.85		#N/A
dummy_2	1.0	177.5	#N/A		-1	A00003444	A00003445		dummy_2	4.0	9.85		#N/A
dummy_3	1.0	141.5	#N/A		-1	A00003446	A00003447		dummy_3	4.0	9.85		#N/A
dummy_4	1.0	95.5	#N/A		-1	A00003448	A00003449		dummy_4	4.0	9.85		#N/A
dummy_5	1.0	88.5	#N/A		-1	A00003450	A00003451		dummy_5	4.0	9.85		#N/A
