capacity	code	dest	dest_idx	dest_name	diameter	efficiency	heat_para	idx	is_valve	length	lower_capacity	lower_pressure_warning	lower_temp_warning	max_pressure	name	ori	ori_idx	ori_name	resistance_para	roughness	sub_division	temp	thickness	unit_operation_cost	unit_price	upper_capacity	upper_pressure_warning	upper_temp_warning	valve_end	('max_pressure',)
23.42	3779318281307947008	3779318281001762816	624	A00000121	205.0	100.0	1.4	2	A00003051	114.2	-23.428570999999998	1.5	0.0	4.0	GDGN0258	3779318280976596992	620	A00000119	1.0	0.01	0.0	8.0	7.0	3.1222	1.2991	23.428570999999998	4.0	50.0	0.0
23.42	3779318281307947009	3779318281010151424	625	A00000158	205.0	100.0	1.4	3		1.0	-23.428570999999998	1.5	0.0	4.0	GDGN0259	3779318281001762816	624	A00000121	1.0	0.01	0.0	8.0	7.0	3.1222	1.2991	23.428570999999998	4.0	50.0
23.42	3779318281312141312	3779318280980791296	621	A00002998	259.0	100.0	1.4	4		1.0	-23.428570999999998	2.5	5.0	6.3	GDGN0254	3779318280926265344	612	A00000104	1.0	0.02	0.0	8.0	7.0	3.1222	1.2991	23.428570999999998	6.0	50.0
23.42	3779318281316335616	3779318280989179904	622	A00003001	259.0	100.0	1.4	5		1.0	-23.428570999999998	2.5	5.0	6.3	GDGN0255	3779318280980791296	621	A00002998	1.0	0.02	0.0	8.0	7.0	3.1222	1.2991	23.428570999999998	6.0	50.0
23.42	3779318281320529920	3779318280997568512	623	A00003004	259.0	100.0	1.4	6		1.0	-23.428570999999998	2.5	5.0	6.3	GDGN0256	3779318280989179904	622	A00003001	1.0	0.02	0.0	8.0	7.0	3.1222	1.2991	23.428570999999998	6.0	50.0
23.42	3779318281320529921	3779318280976596992	620	A00000119	259.1	100.0	1.4	7		1.0	-23.428570999999998	2.5	5.0	6.3	GDGN0257	3779318280997568512	623	A00003004	1.0	0.02	0.0	8.0	7.0	3.1222	1.2991	23.428570999999998	6.0	50.0
1971.42	3779318281324724224	3779318280955625472	617	A00000113	646.0	100.0	1.75	8		31.0	-1971.4285710000001	2.5	-10.0	10.0	GDGN0249	3779318280930459648	613	A00000109	1.0	0.03	0.0	9.5	7.0	3.1222	1.2991	1971.4285710000001	6.0	50.0
1971.42	3779318281328918528	3779318280964014080	618	A00000232	646.0	100.0	1.75	9		15.7	-1971.4285710000001	2.5	-10.0	10.0	GDGN0250	3779318280955625472	617	A00000113	1.0	0.03	0.0	9.5	7.0	3.1222	1.2991	1971.4285710000001	6.0	50.0
1971.42	3779318281328918529	3779318280968208384	619	A00000115	646.0	100.0	1.75	10		19.7	-1971.4285710000001	2.5	-10.0	10.0	GDGN0251	3779318280964014080	618	A00000232	1.0	0.03	0.0	9.5	7.0	3.1222	1.2991	1971.4285710000001	6.0	50.0
1971.42	3779318281333112832	3779318280943042560	615	A00000117	646.0	100.0	1.75	11		14.5	-1971.4285710000001	2.5	-10.0	10.0	GDGN0252	3779318280968208384	619	A00000115	1.0	0.03	0.0	9.5	7.0	3.1222	1.2991	1971.4285710000001	6.0	50.0
1971.42	3779318281337307136	3779318280951431168	616	A00000156	646.0	100.0	1.75	12		61.9	-1971.4285710000001	2.5	-10.0	10.0	GDGN0253	3779318280943042560	615	A00000117	1.0	0.03	0.0	9.5	7.0	3.1222	1.2991	1971.4285710000001	6.0	50.0
1971.42	3779318281337307137	3779318280909488128	610	A00000101	646.0	100.0	1.75	13		19.87	-1971.4285710000001	2.5	5.0	6.3	GDGN0245	3779318280850767872	601	A00000097	1.0	0.01	0.0	12.0	7.0	3.1222	1.2991	1971.4285710000001	6.0	50.0
1971.42	3779318281345695744	3779318280926265344	612	A00000104	646.0	100.0	1.75	14		27.99	-1971.4285710000001	2.5	5.0	6.3	GDGN0246	3779318280909488128	610	A00000101	1.0	0.01	0.0	12.0	7.0	3.1222	1.2991	1971.4285710000001	6.0	50.0
15.71	3779318281349890048	3779318280917876736	611	A00000160	100.3	100.0	1.4	15		1.0	-15.714285999999998	2.5	5.0	6.3	GDGN0260	3779318280926265344	612	A00000104	1.0	0.03	0.0	8.0	7.0	3.1222	1.2991	15.714285999999998	6.0	50.0
1971.42	3779318281354084352	3779318280938848256	614	A00000107	646.0	100.0	1.75	16		17.58	-1971.4285710000001	2.5	5.0	6.3	GDGN0247	3779318280926265344	612	A00000104	1.0	0.01	0.0	12.0	7.0	3.1222	1.2991	1971.4285710000001	6.0	50.0
1971.42	3779318281358278656	3779318280930459648	613	A00000109	646.0	100.0	1.75	17		21.56	-1971.4285710000001	2.5	5.0	6.3	GDGN0248	3779318280938848256	614	A00000107	1.0	0.01	0.0	12.0	7.0	3.1222	1.2991	1971.4285710000001	6.0	50.0
1971.42	3779318281362472960	3779318280892710912	607	A00000091	640.0	100.0	1.4	18		1.0	-1971.4285710000001	2.5	5.0	6.3	GDGN0632	3779318280926265344	612	A00000104	1.0	0.02	0.0	8.0	10.0	3.1222	1.2991	1971.4285710000001	6.0	50.0
1005.71	3779318281366667264	3779318277319163904	82	A00001753	588.0	100.0	1.35	19		1.0	-1005.7142859999999	2.5	-15.0	10.0	GDGN0231	3779318280884322304	606	A00000093	1.0	0.04	0.0	10.0	11.0	3.1222	2.189	1005.7142859999999	9.85	50.0
1005.71	3779318281366667265	3779318280884322304	606	A00000093	588.0	100.0	1.35	20		1.0	-1005.7142859999999	2.5	5.0	10.0	GDGN0230	3779318280905293824	609	A00002973	1.0	0.04	0.0	10.0	11.0	3.1222	2.189	1005.7142859999999	9.85	50.0
1005.71	3779318281370861568	3779318280905293824	609	A00002973	588.0	100.0	1.35	21		88.98	-1005.7142859999999	2.5	5.0	10.0	GDGN0228	3779318280892710912	607	A00000091	1.0	0.04	0.0	10.0	11.0	3.1222	2.189	1005.7142859999999	9.85	50.0
105.14	3779318281375055872	3779318280896905216	608	A00000153	263.0	100.0	1.35	22	A00003052	111.43	-105.142857	2.5	-10.0	6.3	GDGN0229	3779318280905293824	609	A00002973	1.0	0.01	0.0	10.0	5.0	3.1222	2.189	105.142857	6.0	50.0	0.0
1971.42	3779318281379250176	3779318280804630528	594	A00001384	646.0	100.0	1.75	23		171.15	-1971.4285710000001	2.5	5.0	6.3	GDGN0235	3779318280800436224	593	A00001221	1.0	0.01	0.0	12.0	7.0	3.1222	1.2991	1971.4285710000001	6.0	50.0
1971.42	3779318281379250177	3779318280813019136	595	A00000835	646.0	100.0	1.75	24		121.81	-1971.4285710000001	2.5	5.0	6.3	GDGN0236	3779318280804630528	594	A00001384	1.0	0.01	0.0	12.0	7.0	3.1222	1.2991	1971.4285710000001	6.0	50.0
1971.42	3779318281383444480	3779318280817213440	596	A00000838	646.0	100.0	1.75	25		111.26	-1971.4285710000001	2.5	5.0	6.3	GDGN0237	3779318280813019136	595	A00000835	1.0	0.01	0.0	12.0	7.0	3.1222	1.2991	1971.4285710000001	6.0	50.0
1971.42	3779318281387638784	3779318280825602048	597	A00000841	646.0	100.0	1.75	26		218.59	-1971.4285710000001	2.5	5.0	6.3	GDGN0238	3779318280817213440	596	A00000838	1.0	0.01	0.0	12.0	7.0	3.1222	1.2991	1971.4285710000001	6.0	50.0
1971.42	3779318281391833088	3779318280833990656	598	A00002949	646.0	100.0	1.75	27		34.8	-1971.4285710000001	2.5	5.0	6.3	GDGN0239	3779318280825602048	597	A00000841	1.0	0.01	0.0	12.0	7.0	3.1222	1.2991	1971.4285710000001	6.0	50.0
1971.42	3779318281391833089	3779318280838184960	599	A00000843	646.0	100.0	1.75	28		59.14	-1971.4285710000001	2.5	5.0	6.3	GDGN0240	3779318280833990656	598	A00002949	1.0	0.01	0.0	12.0	7.0	3.1222	1.2991	1971.4285710000001	6.0	50.0
1971.42	3779318281396027392	3779318280871739392	604	A00000851	607.6	100.0	1.75	29		1.0	-1971.4285710000001	2.5	5.0	6.3	GDGN0641	3779318280838184960	599	A00000843	1.0	0.01	0.0	12.0	26.2	3.1222	1.2991	1971.4285710000001	6.0	50.0
1971.42	3779318281400221696	3779318280880128000	605	0623732+300m	607.6	100.0	1.75	30		1.0	-1971.4285710000001	2.5	5.0	6.3	GDGN0642	3779318280838184960	599	A00000843	1.0	0.01	0.0	12.0	26.2	3.1222	1.2991	1971.4285710000001	6.0	50.0
1971.42	3779318281400221697	3779318280846573568	600	A00000847	646.0	100.0	1.75	31		51.45	-1971.4285710000001	2.5	5.0	6.3	GDGN0241	3779318280838184960	599	A00000843	1.0	0.01	0.0	12.0	7.0	3.1222	1.2991	1971.4285710000001	6.0	50.0
1971.42	3779318281404416000	3779318280859156480	602	A00000849	646.0	100.0	1.75	32		24.64	-1971.4285710000001	2.5	5.0	6.3	GDGN0242	3779318280846573568	600	A00000847	1.0	0.01	0.0	12.0	7.0	3.1222	1.2991	1971.4285710000001	6.0	50.0
1971.42	3779318281408610304	3779318280867545088	603	A00000095	646.0	100.0	1.75	33		24.59	-1971.4285710000001	2.5	5.0	6.3	GDGN0243	3779318280859156480	602	A00000849	1.0	0.01	0.0	12.0	7.0	3.1222	1.2991	1971.4285710000001	6.0	50.0
1971.42	3779318281408610305	3779318280850767872	601	A00000097	646.0	100.0	1.75	34		26.12	-1971.4285710000001	2.5	5.0	6.3	GDGN0244	3779318280867545088	603	A00000095	1.0	0.01	0.0	12.0	7.0	3.1222	1.2991	1971.4285710000001	6.0	50.0
307.14	3779318281412804608	3779318280729133056	583	A00000793	412.0	100.0	1.35	35		136.39	-307.142857	2.5	5.0	6.3	GDGN0194	3779318280737521664	584	A00001448	1.0	0.03	0.0	8.0	7.0	10.4003	2.189	307.142857	6.0	50.0
307.14	3779318281416998912	3779318280741715968	585	A00002917	414.0	100.0	1.35	36		75.61	-307.142857	2.5	5.0	6.3	GDGN0195	3779318280729133056	583	A00000793	1.0	0.03	0.0	8.0	6.0	10.4003	2.189	307.142857	6.0	50.0
307.14	3779318281421193216	3779318280750104576	586	A00000796	414.0	100.0	1.35	37		15.62	-307.142857	2.5	5.0	6.3	GDGN0196	3779318280741715968	585	A00002917	1.0	0.03	0.0	8.0	6.0	10.4003	2.189	307.142857	6.0	50.0
307.14	3779318281421193217	3779318280754298880	587	A00000799	412.0	100.0	1.35	38		11.38	-307.142857	2.5	5.0	6.3	GDGN0197	3779318280750104576	586	A00000796	1.0	0.03	0.0	8.0	7.0	10.4003	2.189	307.142857	6.0	50.0
307.14	3779318281425387520	3779318280699772928	578	A00000802	412.0	100.0	1.35	39		16.62	-307.142857	2.5	5.0	6.3	GDGN0198	3779318280754298880	587	A00000799	1.0	0.03	0.0	8.0	7.0	10.4003	2.189	307.142857	6.0	50.0
307.14	3779318281429581824	3779318280766881792	589	A00000806	412.0	100.0	1.35	40		11.38	-307.142857	2.5	5.0	6.3	GDGN0199	3779318280699772928	578	A00000802	1.0	0.03	0.0	8.0	7.0	10.4003	2.189	307.142857	6.0	50.0
307.14	3779318281433776128	3779318280762687488	588	A00002924	412.0	100.0	1.35	41		42.0	-307.142857	2.5	5.0	6.3	GDGN0204	3779318280699772928	578	A00000802	1.0	0.03	0.0	8.0	7.0	10.4003	2.189	307.142857	6.0	50.0
307.14	3779318281433776129	3779318280775270400	590	A00000808	412.0	100.0	1.35	42		11.4	-307.142857	2.5	5.0	6.3	GDGN0200	3779318280766881792	589	A00000806	1.0	0.03	0.0	8.0	7.0	10.4003	2.189	307.142857	6.0	50.0
307.14	3779318281437970432	3779318280783659008	591	A00000810	412.0	100.0	1.35	43		1.6	-307.142857	2.5	5.0	6.3	GDGN0201	3779318280775270400	590	A00000808	1.0	0.03	0.0	8.0	7.0	10.4003	2.189	307.142857	6.0	50.0
307.14	3779318281442164736	3779318280792047616	592	A00000812	412.0	100.0	1.35	44		5.0	-307.142857	2.5	5.0	6.3	GDGN0202	3779318280783659008	591	A00000810	1.0	0.03	0.0	8.0	7.0	10.4003	2.189	307.142857	6.0	50.0
307.14	3779318281442164737	3779318280691384320	577	A00000781	412.0	100.0	1.35	45		8.78	-307.142857	2.5	5.0	6.3	GDGN0203	3779318280792047616	592	A00000812	1.0	0.03	0.0	8.0	7.0	10.4003	2.189	307.142857	6.0	50.0
1000.0	3779318281446359040	3779318280724938752	582	A00002909	588.0	100.0	1.35	46		82.85	-1000.0	2.5	-15.0	10.0	GDGN0223	3779318277319163904	82	A00001753	1.0	0.04	0.0	10.0	11.0	1.9866	1.2991	1000.0	6.0	50.0
1000.0	3779318281450553344	3779318280716550144	581	A00002906	588.0	100.0	1.35	47		81.34	-1000.0	2.5	5.0	10.0	GDGN0224	3779318280724938752	582	A00002909	1.0	0.04	0.0	10.0	11.0	1.9866	1.2991	1000.0	6.0	50.0
1000.0	3779318281454747648	3779318280712355840	580	A00000814	588.0	100.0	1.35	48		31.94	-1000.0	2.5	5.0	10.0	GDGN0225	3779318280716550144	581	A00002906	1.0	0.04	0.0	10.0	11.0	1.9866	1.2991	1000.0	6.0	50.0
1000.0	3779318281458941952	3779318280687190016	576	A00000833	588.0	100.0	1.35	49		18.97	-1000.0	2.5	5.0	10.0	GDGN0226	3779318280712355840	580	A00000814	1.0	0.04	0.0	10.0	11.0	1.9866	1.2991	1000.0	6.0	50.0
1000.0	3779318281458941953	3779318280687190016	576	A00000833	588.0	100.0	1.35	50		1.0	-1000.0	2.5	5.0	10.0	GDGN0645	3779318280691384320	577	A00000781	1.0	0.04	0.0	10.0	11.0	3.1222	2.189	1000.0	6.0	50.0
1000.0	3779318281463136256	3779318280703967232	579	A00000790	588.0	100.0	1.35	51		25.92	-1000.0	2.5	-15.0	10.0	GDGN0227	3779318280724938752	582	A00002909	1.0	0.04	0.0	10.0	11.0	1.9866	1.2991	1000.0	6.0	50.0
42.85	3779318281588965376	3779318280418754560	536	A00000148	205.0	100.0	1.35	91	A00003059	73.99	-42.857143	2.5	-10.0	6.3	GDGN0581	3779318279982546944	475	A00002660	1.0	0.01	0.0	10.0	7.0	1.4903	3.5688	42.857143	6.0	50.0	0.0
42.85	3779318281588965377	3779318280422948864	537	A00000151	205.0	100.0	1.35	92		31.21	-42.857143	2.5	-10.0	6.3	GDGN0582	3779318280418754560	536	A00000148	1.0	0.01	0.0	10.0	7.0	1.4903	3.5688	42.857143	6.0	50.0
42.85	3779318281593159680	3779318280410365952	535	A00000165	205.0	100.0	1.35	93		37.79	-42.857143	2.5	-10.0	6.3	GDGN0583	3779318280422948864	537	A00000151	1.0	0.01	0.0	10.0	7.0	1.4903	3.5688	42.857143	6.0	50.0
4285.71	3779318281748348928	3779318280066433024	487	A00002692	982.0	100.0	1.4	141		32.6	-4285.714286	4.0	5.0	10.0	GDGN0543	3779318277306580992	80	A00001747	1.0	0.01	1.0	10.0	17.0	1.4903	3.5688	4285.714286	9.85	50.0
4285.71	3779318281752543232	3779318280058044416	486	A00002688	982.0	100.0	1.4	142		174.8	-4285.714286	4.0	5.0	10.0	GDGN0544	3779318280066433024	487	A00002692	1.0	0.01	1.0	10.0	17.0	1.4903	3.5688	4285.714286	9.85	50.0
4285.71	3779318281765126144	3779318279969964032	473	A00000831	982.0	100.0	1.4	146		31.6	-4285.714286	4.0	5.0	10.0	GDGN0545	3779318280058044416	486	A00002688	1.0	0.01	1.0	10.0	17.0	1.4903	3.5688	4285.714286	9.85	50.0
4285.71	3779318281765126145	3779318279961575424	472	A00002653	982.0	100.0	1.4	147		32.3	-4285.714286	4.0	5.0	10.0	GDGN0546	3779318279969964032	473	A00000831	1.0	0.01	1.0	10.0	17.0	1.4903	3.5688	4285.714286	9.85	50.0
4285.71	3779318281769320448	3779318279990935552	476	A00000137	982.0	100.0	1.4	148		15.8	-4285.714286	4.0	5.0	10.0	GDGN0547	3779318279961575424	472	A00002653	1.0	0.01	1.0	10.0	17.0	1.4903	3.5688	4285.714286	9.85	50.0
4285.71	3779318281773514752	3779318279999324160	477	A00002666	982.0	100.0	1.4	149		32.4	-4285.714286	4.0	5.0	10.0	GDGN0548	3779318279990935552	476	A00000137	1.0	0.01	1.0	10.0	17.0	1.4903	3.5688	4285.714286	9.85	50.0
4285.71	3779318281773514753	3779318280003518464	478	A00000139	982.0	100.0	1.4	150		62.7	-4285.714286	4.0	5.0	10.0	GDGN0549	3779318279999324160	477	A00002666	1.0	0.01	0.0	10.0	17.0	1.4903	3.5688	4285.714286	9.85	50.0
4285.71	3779318281777709056	3779318279982546944	475	A00002660	982.0	100.0	1.4	151		65.0	-4285.714286	4.0	5.0	10.0	GDGN0550	3779318280003518464	478	A00000139	1.0	0.01	0.0	10.0	17.0	1.4903	3.5688	4285.714286	9.85	50.0
4285.71	3779318281781903360	3779318280024489984	481	A00000141	982.0	100.0	1.4	152		22.2	-4285.714286	4.0	5.0	10.0	GDGN0551	3779318279982546944	475	A00002660	1.0	0.01	0.0	10.0	17.0	1.4903	3.5688	4285.714286	9.85	50.0
142.85	3779318281794486272	3779318279978352640	474	A00000167	259.0	100.0	1.35	157	A00003065	23.2	-142.85714299999998	2.5	-10.0	6.3	GDGN0584	3779318279982546944	475	A00002660	1.0	0.01	0.0	10.0	7.0	1.4903	3.5688	142.85714299999998	6.0	50.0	0.0
2857.14	3779318281828040705	3779318277306580992	80	A00001747	970.2	100.0	1.4	169	A00003066	1.0	-2857.142857	4.0	5.0	10.0	GDGN0636	3779318277285609472	78	A00000816	1.0	0.01	0.0	10.0	22.9	0.6813	2.189	2857.142857	9.85	50.0	0.0
8571.42	3779318282088087552	3779318279315652608	377	A00002435	1164.0	100.0	1.11	256		122.5	-8571.428570999999	4.0	5.0	10.0	GDGN0294	3779318277285609472	78	A00000816	1.0	0.01	0.0	12.2	27.5	0.6813	2.189	8571.428570999999	11.85	50.0
8571.42	3779318282092281856	3779318279324041216	378	A00002439	1164.0	100.0	1.11	257		93.5	-8571.428570999999	4.0	5.0	10.0	GDGN0295	3779318279315652608	377	A00002435	1.0	0.01	0.0	12.2	27.5	0.6813	2.189	8571.428570999999	9.85	50.0
8571.42	3779318282092281857	3779318279307264000	376	A00000818	1164.0	100.0	1.11	258		38.4	-8571.428570999999	4.0	5.0	10.0	GDGN0296	3779318279324041216	378	A00002439	1.0	0.01	0.0	12.2	27.5	0.6813	2.189	8571.428570999999	9.85	50.0
8571.42	3779318282096476160	3779318279294681088	374	A00000123	1164.0	100.0	1.11	259		54.3	-8571.428570999999	4.0	5.0	10.0	GDGN0297	3779318279307264000	376	A00000818	1.0	0.01	0.0	12.2	27.5	0.6813	2.189	8571.428570999999	9.85	50.0
8571.42	3779318282100670464	3779318279298875392	375	A00002429	1164.0	100.0	1.11	260		52.0	-8571.428570999999	4.0	5.0	10.0	GDGN0298	3779318279294681088	374	A00000123	1.0	0.01	0.0	13.3	27.5	0.6813	2.189	8571.428570999999	9.85	50.0
8571.42	3779318282100670465	3779318279286292480	373	A00002423	1164.0	100.0	1.11	261		45.8	-8571.428570999999	4.0	5.0	10.0	GDGN0299	3779318279298875392	375	A00002429	1.0	0.01	0.0	13.3	27.5	0.6813	2.189	8571.428570999999	9.85	50.0
8571.42	3779318282104864768	3779318279206600704	362	A00001026	1164.0	100.0	1.11	262		83.2	-8571.428570999999	4.0	5.0	10.0	GDGN0300	3779318279286292480	373	A00002423	1.0	0.01	0.0	13.3	27.5	0.6813	2.189	8571.428570999999	9.85	50.0
8571.42	3779318282138419200	3779318279210795008	363	A00001028	1164.0	100.0	1.11	272		24.3	-8571.428570999999	4.0	5.0	10.0	GDGN0301	3779318279206600704	362	A00001026	1.0	0.01	0.0	13.3	27.5	0.6813	2.189	8571.428570999999	9.85	50.0
8571.42	3779318282138419201	3779318279194017792	360	A00001031	1164.0	100.0	1.11	273		63.5	-8571.428570999999	4.0	5.0	10.0	GDGN0302	3779318279210795008	363	A00001028	1.0	0.01	0.0	13.3	27.5	0.6813	2.189	8571.428570999999	9.85	50.0
8571.42	3779318282142613504	3779318279198212096	361	A00001034	1164.0	100.0	1.42	274		46.4	-8571.428570999999	4.0	5.0	10.0	GDGN0303	3779318279194017792	360	A00001031	1.0	0.01	0.0	15.6	27.5	0.6813	2.189	8571.428570999999	9.85	50.0
8571.42	3779318282146807808	3779318279185629184	359	A00001036	1164.0	100.0	1.42	275		47.0	-8571.428570999999	4.0	5.0	10.0	GDGN0304	3779318279198212096	361	A00001034	1.0	0.01	0.0	15.6	27.5	0.6813	2.189	8571.428570999999	9.85	50.0
8571.42	3779318282151002112	3779318279181434880	358	A00001038	1164.0	100.0	1.42	276		46.5	-8571.428570999999	4.0	5.0	10.0	GDGN0305	3779318279185629184	359	A00001036	1.0	0.01	0.0	15.6	27.5	0.6813	2.189	8571.428570999999	9.85	50.0
8571.42	3779318282155196416	3779318279173046272	357	A00000403	1164.0	100.0	1.42	277		74.3	-8571.428570999999	4.0	5.0	10.0	GDGN0306	3779318279181434880	358	A00001038	1.0	0.01	0.0	15.6	27.5	0.6813	2.189	8571.428570999999	9.85	50.0
8571.42	3779318282159390720	3779318279168851968	356	A00000405	1164.0	100.0	1.42	278		73.1	-8571.428570999999	4.0	5.0	10.0	GDGN0307	3779318279173046272	357	A00000403	1.0	0.01	0.0	15.6	27.5	0.6813	2.189	8571.428570999999	9.85	50.0
8571.42	3779318282159390721	3779318279160463360	355	A00000407	1164.0	100.0	1.42	279		64.4	-8571.428570999999	4.0	5.0	10.0	GDGN0308	3779318279168851968	356	A00000405	1.0	0.01	0.0	15.6	27.5	0.6813	2.189	8571.428570999999	9.85	50.0
818.0	3779318282163585024	3779318279156269056	354	A00000437	496.0	100.0	1.36	280	A00003073	24.64	-818.0	1.5	-10.0	6.3	GDGN0333	3779318279160463360	355	A00000407	1.0	0.01	0.0	11.0	6.0	0.6813	2.189	818.0	6.0	50.0	0.0
4857.14	3779318282171973632	3779318279139491840	352	A00001040	974.0	100.0	1.53	283		111.68	-4857.142857	4.0	5.0	10.0	GDGN0446	3779318277684068352	136	A00001363	1.0	0.01	0.0	12.0	21.0	1.1994	2.189	4857.142857	9.85	50.0
4857.14	3779318282176167936	3779318279126908928	350	A00001366	981.0	100.0	1.53	284		39.51	-4857.142857	4.0	5.0	10.0	GDGN0447	3779318279139491840	352	A00001040	1.0	0.01	0.0	15.0	17.5	1.1994	2.189	4857.142857	9.85	50.0
4857.14	3779318282176167937	3779318279135297536	351	A00001316	981.0	100.0	1.53	285		77.23	-4857.142857	4.0	5.0	10.0	GDGN0448	3779318279126908928	350	A00001366	1.0	0.01	0.0	15.0	17.5	1.1994	2.189	4857.142857	9.85	50.0
4857.14	3779318282180362240	3779318279122714624	349	A00001009	974.0	100.0	1.53	286		64.17	-4857.142857	4.0	5.0	10.0	GDGN0449	3779318279135297536	351	A00001316	1.0	0.01	0.0	15.0	21.0	1.1994	2.189	4857.142857	9.85	50.0
4857.14	3779318282184556544	3779318279110131712	347	A00001011	981.0	100.0	1.53	287		63.91	-4857.142857	4.0	5.0	10.0	GDGN0450	3779318279122714624	349	A00001009	1.0	0.01	0.0	15.0	17.5	1.1994	2.189	4857.142857	9.85	50.0
4857.14	3779318282184556545	3779318279101743104	346	A00001013	981.0	100.0	1.53	288		91.25	-4857.142857	4.0	5.0	10.0	GDGN0451	3779318279110131712	347	A00001011	1.0	0.01	0.0	15.0	17.5	1.1994	2.189	4857.142857	9.85	50.0
4857.14	3779318282188750848	3779318279093354496	345	A00002354	981.0	100.0	1.53	289		48.52	-4857.142857	4.0	5.0	10.0	GDGN0452	3779318279101743104	346	A00001013	1.0	0.01	0.0	15.0	17.5	1.1994	2.189	4857.142857	9.85	50.0
4857.14	3779318282192945152	3779318279089160192	344	A00000420	981.0	100.0	1.53	290		54.38	-4857.142857	4.0	5.0	10.0	GDGN0453	3779318279093354496	345	A00002354	1.0	0.01	0.0	15.0	17.5	1.1994	2.189	4857.142857	9.85	50.0
285.71	3779318282197139456	3779318279101743104	346	A00001013	966.0	100.0	1.38	292		51.5	-285.71428599999996	4.0	5.0	10.0	GDGN0485	3779318279114326016	348	A00002362	1.0	0.03	0.0	9.0	25.0	1.1994	31.5743	285.71428599999996	9.85	50.0
2857.14	3779318282335551488	3779318278753615872	296	A00000892	674.2	100.0	1.35	340		28.6	-2857.142857	4.0	-10.0	10.0	GDGN0153	3779318278552289280	266	A00002179	1.0	0.01	0.0	14.0	18.4	1.7088	4.2147	2857.142857	9.85	50.0
2857.14	3779318282348134400	3779318278552289280	266	A00002179	986.6	100.0	2.16	344		3.7	-2857.142857	4.0	5.0	10.0	GDGN0152	3779318278543900672	265	A00000889	1.0	0.01	0.0	15.0	14.7	1.7088	4.2147	2857.142857	9.85	50.0
2457.14	3779318282360717312	3779318278707478528	289	A00000969	986.0	100.0	1.75	348		63.59	-2457.142857	4.0	5.0	10.0	GDGN0273	3779318278699089920	288	A00000930	1.0	0.01	0.0	13.2	15.0	1.6365	4.2147	2457.142857	9.85	50.0
2857.14	3779318282360717313	3779318278686507008	286	A00002224	974.0	100.0	2.16	349		37.96	-2857.142857	4.0	5.0	10.0	GDGN0148	3779318278657146880	282	A00000879	1.0	0.02	0.0	15.0	21.0	1.7088	4.2147	2857.142857	9.85	50.0
2857.14	3779318282364911616	3779318278694895616	287	A00000882	974.0	100.0	2.16	350		16.27	-2857.142857	4.0	5.0	10.0	GDGN0149	3779318278686507008	286	A00002224	1.0	0.02	0.0	15.0	21.0	1.7088	4.2147	2857.142857	9.85	50.0
2857.14	3779318282369105920	3779318278539706368	264	A00000885	974.0	100.0	2.16	351		51.16	-2857.142857	4.0	5.0	10.0	GDGN0150	3779318278694895616	287	A00000882	1.0	0.02	0.0	15.0	21.0	1.7088	4.2147	2857.142857	9.85	50.0
2857.14	3779318282369105921	3779318278543900672	265	A00000889	974.0	100.0	2.16	352		42.17	-2857.142857	4.0	5.0	10.0	GDGN0151	3779318278539706368	264	A00000885	1.0	0.02	0.0	15.0	21.0	1.7088	4.2147	2857.142857	9.85	50.0
2457.14	3779318282373300224	3779318278669729792	284	A00000924	1002.0	100.0	1.75	353		36.11	-2457.142857	4.0	5.0	10.0	GDGN0269	3779318278602620928	273	A00000921	1.0	0.01	0.0	12.8	7.0	1.6365	4.2147	2457.142857	9.85	50.0
685.71	3779318282377494528	3779318278678118400	285	A00000978	376.0	100.0	1.75	354	A00003078	171.71	-685.714286	2.5	-10.0	6.3	GDGN0282	3779318278669729792	284	A00000924	1.0	0.03	0.0	12.8	15.0	1.6365	4.2147	685.714286	6.0	50.0	0.0
2857.14	3779318282377494529	3779318278644563968	280	A00000359	974.0	100.0	2.16	355		41.0	-2857.142857	4.0	5.0	10.0	GDGN0146	3779318277721817088	142	A00000357	1.0	0.02	0.0	15.0	21.0	1.7088	4.2147	2857.142857	9.85	50.0
2857.14	3779318282381688832	3779318278657146880	282	A00000879	974.0	100.0	2.16	356		21.0	-2857.142857	4.0	5.0	10.0	GDGN0147	3779318278644563968	280	A00000359	1.0	0.02	0.0	15.0	21.0	1.7088	4.2147	2857.142857	9.85	50.0
128.57	3779318282385883136	3779318278665535488	283	A00000377	205.1	100.0	2.16	357	A00003079	15.11	-128.571429	4.0	5.0	6.3	GDGN0171	3779318278657146880	282	A00000879	1.0	0.02	0.0	15.0	7.0	1.7088	4.2147	128.571429	9.85	50.0	0.0
57.14	3779318282390077440	3779318278652952576	281	A00000966	156.3	100.0	2.16	358	A00003080	18.38	-57.14285699999999	4.0	5.0	6.3	GDGN0170	3779318278657146880	282	A00000879	1.0	0.02	0.0	15.0	6.0	1.7088	4.2147	57.14285699999999	9.85	50.0	0.0
2457.14	3779318282390077441	3779318278640369664	279	A00002209	1004.0	100.0	1.75	359		31.0	-2457.142857	4.0	5.0	10.0	GDGN0270	3779318278669729792	284	A00000924	1.0	0.01	0.0	12.8	6.0	1.6365	4.2147	2457.142857	9.85	50.0
685.71	3779318282394271744	3779318278627786752	277	A00002204	261.0	100.0	1.75	360		1.13	-685.714286	4.0	5.0	6.3	GDGN0275	3779318278640369664	279	A00002209	1.0	0.01	0.0	12.8	6.0	1.6365	4.2147	685.714286	9.85	50.0
685.71	3779318282398466048	3779318278631981056	278	A00000974	261.0	100.0	1.75	361		121.13	-685.714286	4.0	5.0	6.3	GDGN0276	3779318278627786752	277	A00002204	1.0	0.01	0.0	12.8	6.0	1.6365	4.2147	685.714286	9.85	50.0
2457.14	3779318282402660352	3779318278619398144	276	A00000927	1004.0	100.0	1.75	362		41.0	-2457.142857	4.0	5.0	10.0	GDGN0271	3779318278640369664	279	A00002209	1.0	0.01	0.0	12.8	6.0	1.6365	4.2147	2457.142857	9.85	50.0
2457.14	3779318282402660353	3779318278699089920	288	A00000930	1004.0	100.0	1.75	363		94.56	-2457.142857	4.0	5.0	10.0	GDGN0272	3779318278619398144	276	A00000927	1.0	0.01	0.0	12.8	6.0	1.6365	4.2147	2457.142857	9.85	50.0
2457.14	3779318282406854656	3779318278615203840	275	A00000919	1002.0	100.0	1.75	364		13.48	-2457.142857	4.0	5.0	10.0	GDGN0267	3779318278581649408	270	A00000916	1.0	0.01	0.0	12.8	7.0	1.6365	4.2147	2457.142857	9.85	50.0
2457.14	3779318282411048960	3779318278602620928	273	A00000921	1002.0	100.0	1.75	365		39.87	-2457.142857	4.0	5.0	10.0	GDGN0268	3779318278615203840	275	A00000919	1.0	0.01	0.0	12.8	7.0	1.6365	4.2147	2457.142857	9.85	50.0
685.71	3779318282411048961	3779318278606815232	274	A00000982	392.4	100.0	1.75	366		9.8	-685.714286	4.0	5.0	6.3	GDGN0292	3779318278615203840	275	A00000919	1.0	0.01	0.0	12.8	7.0	1.6365	4.2147	685.714286	9.85	50.0
2457.14	3779318282415243264	3779318278594232320	272	A00002193	986.0	100.0	1.75	367		22.33	-2457.142857	4.0	5.0	10.0	GDGN0265	3779318278573260800	269	A00000914	1.0	0.01	0.0	12.8	15.0	1.6365	4.2147	2457.142857	9.85	50.0
2457.14	3779318282419437568	3779318278581649408	270	A00000916	986.0	100.0	1.75	368		32.23	-2457.142857	4.0	5.0	10.0	GDGN0266	3779318278594232320	272	A00002193	1.0	0.01	0.0	12.8	15.0	1.6365	4.2147	2457.142857	9.85	50.0
685.71	3779318282419437569	3779318278585843712	271	A00000972	986.0	100.0	1.75	369		1.0	-685.714286	4.0	5.0	10.0	GDGN0274	3779318278594232320	272	A00002193	1.0	0.01	0.0	12.8	15.0	1.6365	4.2147	685.714286	9.85	50.0
2457.14	3779318282423631872	3779318278573260800	269	A00000914	986.0	100.0	1.75	370		69.84	-2457.142857	4.0	5.0	10.0	GDGN0264	3779318278468403200	253	A00000912	1.0	0.01	0.0	11.9	15.0	1.6365	4.2147	2457.142857	9.85	50.0
114.28	3779318282427826176	3779318278569066496	268	A00000976	243.0	100.0	1.75	371	A00003081	1.0	-114.28571399999998	2.5	-10.0	6.3	GDGN0277	3779318278472597504	254	A00000910	1.0	0.03	0.0	11.9	15.0	1.6365	4.2147	114.28571399999998	6.0	50.0	0.0
2457.14	3779318282427826177	3779318278560677888	267	A00000907	986.0	100.0	1.75	372		23.28	-2457.142857	4.0	5.0	10.0	GDGN0261	3779318278552289280	266	A00002179	1.0	0.01	0.0	11.9	15.0	1.6365	4.2147	2457.142857	9.85	50.0
2457.14	3779318282432020480	3779318278472597504	254	A00000910	986.0	100.0	1.75	373		54.56	-2457.142857	4.0	5.0	10.0	GDGN0262	3779318278560677888	267	A00000907	1.0	0.01	0.0	11.9	15.0	1.6365	4.2147	2457.142857	9.85	50.0
685.71	3779318282436214784	3779318278480986112	255	A00000939	311.0	100.0	1.75	374	A00003082	31.3	-685.714286	2.5	-10.0	4.0	GDGN0283	3779318278573260800	269	A00000914	1.0	0.03	0.0	12.8	7.0	1.6365	4.2147	685.714286	6.0	50.0	0.0
685.71	3779318282436214785	3779318278485180416	256	A00000942	311.0	100.0	1.75	375		16.99	-685.714286	2.5	-10.0	4.0	GDGN0284	3779318278480986112	255	A00000939	1.0	0.03	0.0	12.8	7.0	1.6365	4.2147	685.714286	6.0	50.0
685.71	3779318282440409088	3779318278493569024	257	A00000944	311.0	100.0	1.75	376		9.6	-685.714286	2.5	-10.0	4.0	GDGN0285	3779318278485180416	256	A00000942	1.0	0.03	0.0	12.8	7.0	1.6365	4.2147	685.714286	6.0	50.0
685.71	3779318282444603392	3779318278506151936	259	A00002161	311.0	100.0	1.75	377		14.4	-685.714286	2.5	-10.0	4.0	GDGN0286	3779318278493569024	257	A00000944	1.0	0.03	0.0	12.8	7.0	1.6365	4.2147	685.714286	6.0	50.0
685.71	3779318282448797696	3779318278510346240	260	A00002164	311.0	100.0	1.75	378		14.4	-685.714286	2.5	-10.0	4.0	GDGN0287	3779318278506151936	259	A00002161	1.0	0.03	0.0	12.8	7.0	1.6365	4.2147	685.714286	6.0	50.0
685.71	3779318282448797697	3779318278518734848	261	A00002167	311.0	100.0	1.75	379		1.6	-685.714286	2.5	-10.0	4.0	GDGN0288	3779318278510346240	260	A00002164	1.0	0.03	0.0	12.8	7.0	1.6365	4.2147	685.714286	6.0	50.0
685.71	3779318282452992000	3779318278497763328	258	A00002158	311.0	100.0	1.75	380		12.15	-685.714286	2.5	-10.0	4.0	GDGN0289	3779318278518734848	261	A00002167	1.0	0.03	0.0	12.8	7.0	1.6365	4.2147	685.714286	6.0	50.0
685.71	3779318282457186304	3779318278527123456	262	A00000947	311.0	100.0	1.75	381		13.52	-685.714286	2.5	-10.0	4.0	GDGN0290	3779318278497763328	258	A00002158	1.0	0.03	0.0	12.8	7.0	1.6365	4.2147	685.714286	6.0	50.0
685.71	3779318282461380608	3779318278535512064	263	A00000980	311.0	100.0	1.75	382		11.0	-685.714286	2.5	-10.0	4.0	GDGN0291	3779318278527123456	262	A00000947	1.0	0.03	0.0	12.8	7.0	1.6365	4.2147	685.714286	6.0	50.0
300.0	3779318282461380609	3779318278443237376	249	A00002139	496.0	100.0	1.35	383		1.0	-300.0	1.5	5.0	4.0	GDGN0633	3779318278434848768	248	A00000958	1.0	0.01	0.0	10.0	6.0	1.6365	4.2147	300.0	4.0	50.0
685.71	3779318282465574912	3779318278443237376	249	A00002139	478.0	100.0	1.75	384	A00003083	39.2	-685.714286	2.5	-10.0	6.3	GDGN0281	3779318278447431680	250	A00000937	1.0	0.03	0.0	11.9	15.0	1.6365	4.2147	685.714286	6.0	50.0	0.0
685.71	3779318282469769216	3779318278447431680	250	A00000937	478.0	100.0	1.75	385		19.85	-685.714286	2.5	-10.0	6.3	GDGN0280	3779318278455820288	251	A00000934	1.0	0.03	0.0	11.9	15.0	1.6365	4.2147	685.714286	6.0	50.0
685.71	3779318282469769217	3779318278455820288	251	A00000934	478.0	100.0	1.75	386		31.4	-685.714286	2.5	-10.0	6.3	GDGN0279	3779318278460014592	252	A00000932	1.0	0.03	0.0	11.9	15.0	1.6365	4.2147	685.714286	6.0	50.0
685.71	3779318282473963520	3779318278460014592	252	A00000932	478.0	100.0	1.75	387	A00003084	21.9	-685.714286	2.5	-10.0	6.3	GDGN0278	3779318278468403200	253	A00000912	1.0	0.03	0.0	11.9	15.0	1.6365	4.2147	685.714286	6.0	50.0	0.0
2457.14	3779318282478157824	3779318278468403200	253	A00000912	986.0	100.0	1.75	388		41.72	-2457.142857	4.0	5.0	10.0	GDGN0263	3779318278472597504	254	A00000910	1.0	0.01	0.0	11.9	15.0	1.6365	4.2147	2457.142857	9.85	50.0
300.0	3779318282482352128	3779318278401294336	243	A00000866	496.0	100.0	1.35	389		31.75	-300.0	1.5	5.0	4.0	GDGN0139	3779318278392905728	242	A00000864	1.0	0.01	0.0	10.0	6.0	7.2315	4.2147	300.0	4.0	50.0
300.0	3779318282486546432	3779318278405488640	244	A00000869	496.0	100.0	1.35	390		12.25	-300.0	1.5	5.0	4.0	GDGN0140	3779318278401294336	243	A00000866	1.0	0.01	0.0	10.0	6.0	7.2315	4.2147	300.0	4.0	50.0
300.0	3779318282486546433	3779318278413877248	245	A00000872	496.0	100.0	1.35	391		2.63	-300.0	1.5	5.0	4.0	GDGN0141	3779318278405488640	244	A00000869	1.0	0.01	0.0	10.0	6.0	7.2315	4.2147	300.0	4.0	50.0
300.0	3779318282503323648	3779318278422265856	246	A00000875	496.0	100.0	1.35	392		19.95	-300.0	1.5	5.0	4.0	GDGN0142	3779318278413877248	245	A00000872	1.0	0.01	0.0	10.0	6.0	7.2315	4.2147	300.0	4.0	50.0
300.0	3779318282507517952	3779318278426460160	247	A00000877	496.0	100.0	1.35	393		1.0	-300.0	1.5	5.0	4.0	GDGN0143	3779318278422265856	246	A00000875	1.0	0.01	0.0	10.0	6.0	7.2315	4.2147	300.0	4.0	50.0
300.0	3779318282511712256	3779318278434848768	248	A00000958	496.0	100.0	1.35	394		1.0	-300.0	1.5	5.0	4.0	GDGN0144	3779318278426460160	247	A00000877	1.0	0.01	0.0	10.0	6.0	7.2315	4.2147	300.0	4.0	50.0
300.0	3779318282511712257	3779318278376128512	239	A00002118	498.0	100.0	1.35	395		4.25	-300.0	1.5	5.0	4.0	GDGN0135	3779318278367739904	238	A00000859	1.0	0.01	0.0	10.0	5.0	7.2315	4.2147	300.0	4.0	50.0
300.0	3779318282532683776	3779318278380322816	240	A00000860	496.0	100.0	1.35	396		1.0	-300.0	1.5	5.0	4.0	GDGN0136	3779318278376128512	239	A00002118	1.0	0.01	0.0	10.0	6.0	7.2315	4.2147	300.0	4.0	50.0
300.0	3779318282536878080	3779318278388711424	241	A00000862	496.0	100.0	1.35	397		1.0	-300.0	1.5	5.0	4.0	GDGN0137	3779318278380322816	240	A00000860	1.0	0.01	0.0	10.0	6.0	7.2315	4.2147	300.0	4.0	50.0
300.0	3779318282536878081	3779318278392905728	242	A00000864	496.0	100.0	1.35	398		18.15	-300.0	1.5	5.0	4.0	GDGN0138	3779318278388711424	241	A00000862	1.0	0.01	0.0	10.0	6.0	7.2315	4.2147	300.0	4.0	50.0
300.0	3779318282541072384	3779318278355156992	236	A00000349	494.0	100.0	1.35	399		29.11	-300.0	1.5	5.0	4.0	GDGN0132	3779318278317408256	231	A00000345	1.0	0.01	0.0	10.0	7.0	7.2315	4.2147	300.0	4.0	50.0
300.0	3779318282545266688	3779318278359351296	237	A00000351	496.0	100.0	1.35	400		29.0	-300.0	1.5	5.0	4.0	GDGN0133	3779318278355156992	236	A00000349	1.0	0.01	0.0	10.0	6.0	7.2315	4.2147	300.0	4.0	50.0
300.0	3779318282545266689	3779318278367739904	238	A00000859	496.0	100.0	1.35	401		22.89	-300.0	1.5	5.0	4.0	GDGN0134	3779318278359351296	237	A00000351	1.0	0.01	0.0	10.0	6.0	7.2315	4.2147	300.0	4.0	50.0
100.0	3779318282549460992	3779318278321602560	232	A00000951	412.0	100.0	1.35	402		49.99	-100.0	1.5	5.0	3.4	GDGN0591	3779318278338379776	234	A00000949	1.0	0.01	0.0	10.0	7.0	1.676	4.2147	100.0	4.0	50.0
100.0	3779318282553655296	3779318278338379776	234	A00000949	410.0	100.0	1.35	403		71.2	-100.0	1.5	5.0	3.4	GDGN0590	3779318278346768384	235	A00002109	1.0	0.01	0.0	10.0	8.0	1.676	4.2147	100.0	4.0	50.0
100.0	3779318282553655297	3779318278292242432	227	A00000955	412.0	100.0	1.35	404		1.0	-100.0	1.5	5.0	3.4	GDGN0593	3779318278329991168	233	A00000953	1.0	0.01	0.0	10.0	7.0	1.676	4.2147	100.0	4.0	50.0
100.0	3779318282557849600	3779318278329991168	233	A00000953	412.0	100.0	1.35	405		47.7	-100.0	1.5	5.0	3.4	GDGN0592	3779318278321602560	232	A00000951	1.0	0.01	0.0	10.0	7.0	1.676	4.2147	100.0	4.0	50.0
300.0	3779318282562043904	3779318278317408256	231	A00000345	188.8	100.0	1.35	406	A00003085	1.0	0.0	1.5	5.0	6.3	GDGN0131	3779318278309019648	230	A00000339	1.0	0.01	0.0	10.0	5.6	7.2315	4.2147	300.0	5.0	50.0	0.0
2685.71	3779318282562043905	3779318278309019648	230	A00000339	681.0	100.0	1.75	407		46.18	-2685.714286	2.5	5.0	5.5	GDGN0085	3779318278254493696	221	A00001063	1.0	0.01	0.0	10.0	15.0	0.652	2.5734	2685.714286	5.0	50.0
0.0	3779318282566238208	3779318278317408256	231	A00000345	412.0	100.0	1.35	408		21.3	-100.0	1.5	5.0	3.4	GDGN0599	3779318278271270912	224	A00000370	1.0	0.01	0.0	10.0	7.0	1.676	4.2147	0.0	4.0	50.0
100.0	3779318282570432512	3779318278271270912	224	A00000370	412.0	100.0	1.35	409		27.7	-100.0	1.5	5.0	3.4	GDGN0598	3779318278279659520	225	A00002086	1.0	0.01	0.0	10.0	7.0	1.676	4.2147	100.0	4.0	50.0
100.0	3779318282574626816	3779318278279659520	225	A00002086	412.0	100.0	1.35	410		16.2	-100.0	1.5	5.0	3.4	GDGN0597	3779318278283853824	226	A00000367	1.0	0.01	0.0	10.0	7.0	1.676	4.2147	100.0	4.0	50.0
100.0	3779318282574626817	3779318278283853824	226	A00000367	412.0	100.0	1.35	411		19.7	-100.0	1.5	5.0	3.4	GDGN0596	3779318278304825344	229	A00000364	1.0	0.01	0.0	10.0	7.0	1.676	4.2147	100.0	4.0	50.0
100.0	3779318282578821120	3779318278304825344	229	A00000364	412.0	100.0	1.35	412		33.4	-100.0	1.5	5.0	3.4	GDGN0595	3779318278296436736	228	A00002093	1.0	0.01	0.0	10.0	7.0	1.676	4.2147	100.0	4.0	50.0
100.0	3779318282583015424	3779318278296436736	228	A00002093	412.0	100.0	1.35	413		21.9	-100.0	1.5	5.0	3.4	GDGN0594	3779318278292242432	227	A00000955	1.0	0.01	0.0	10.0	7.0	1.676	4.2147	100.0	4.0	50.0
2685.71	3779318282583015425	3779318278254493696	221	A00001063	681.0	100.0	1.75	414	A00003086	61.81	-2685.714286	2.5	5.0	5.5	GDGN0084	3779318277633736704	129	A00000294	1.0	0.01	0.0	10.0	15.0	0.652	2.5734	2685.714286	5.0	50.0	0.0
2685.71	3779318282587209728	3779318278258688000	222	A00001067	695.0	100.0	1.75	415	A00003087	11.72	-2685.714286	2.5	5.0	4.0	GDGN0086	3779318278254493696	221	A00001063	1.0	0.01	0.0	10.0	8.0	0.652	2.5734	2685.714286	4.5	50.0	0.0
2685.71	3779318282591404032	3779318278267076608	223	A00001076	695.0	100.0	1.75	416		1.0	-2685.714286	2.5	5.0	10.0	GDGN0087	3779318278258688000	222	A00001067	1.0	0.01	0.0	10.0	8.0	0.652	2.5734	2685.714286	4.5	50.0
2400.0	3779318282595598336	3779318278212550656	215	A00000741	681.0	100.0	1.35	417		38.56	-2400.0	4.0	5.0	10.0	GDGN0025	3779318278233522176	218	A00000737	1.0	0.01	0.0	8.0	15.0	1.3336	4.2147	2400.0	9.85	50.0
2400.0	3779318282595598337	3779318278233522176	218	A00000737	691.0	100.0	1.35	418		29.4	-2400.0	4.0	5.0	10.0	GDGN0024	3779318278246105088	220	A00000735	1.0	0.01	0.0	8.0	10.0	1.3336	4.2147	2400.0	9.85	50.0
2400.0	3779318282599792640	3779318278246105088	220	A00000735	691.0	100.0	1.35	419		19.5	-2400.0	4.0	5.0	10.0	GDGN0023	3779318278241910784	219	A00000733	1.0	0.01	0.0	8.0	10.0	1.3336	4.2147	2400.0	9.85	50.0
2400.0	3779318282603986944	3779318278241910784	219	A00000733	691.0	100.0	1.35	420		22.53	-2400.0	4.0	5.0	10.0	GDGN0022	3779318278078332928	195	A00000729	1.0	0.01	0.0	8.0	10.0	1.3336	4.2147	2400.0	9.85	50.0
2400.0	3779318282603986945	3779318277994446848	182	A00000712	693.6	100.0	1.35	421		46.61	-2400.0	4.0	5.0	10.0	GDGN0027	3779318278225133568	217	A00000743	1.0	0.01	0.0	8.0	8.7	1.3336	4.2147	2400.0	9.85	50.0
2400.0	3779318282608181248	3779318278225133568	217	A00000743	693.6	100.0	1.35	422		15.15	-2400.0	4.0	5.0	10.0	GDGN0026	3779318278212550656	215	A00000741	1.0	0.01	0.0	8.0	8.7	1.3336	4.2147	2400.0	9.85	50.0
331.42	3779318282612375552	3779318278216744960	216	A00000746	441.2	100.0	1.35	423	A00003088	1.0	-331.428571	2.5	-10.0	6.3	GDGN0029	3779318278212550656	215	A00000741	1.0	0.01	0.0	10.0	7.9	1.3336	4.2147	331.428571	6.0	50.0	0.0
331.42	3779318282616569856	3779318278204162048	214	A00000775	441.2	100.0	1.35	424		114.52	-331.428571	2.5	-10.0	6.3	GDGN0030	3779318278216744960	216	A00000746	1.0	0.01	0.0	10.0	7.9	1.3336	4.2147	331.428571	6.0	50.0
2400.0	3779318282616569857	3779318278078332928	195	A00000729	697.0	100.0	1.35	425		36.94	-2400.0	4.0	5.0	10.0	GDGN0021	3779318278195773440	213	A00000727	1.0	0.01	0.0	8.0	7.0	1.3336	4.2147	2400.0	9.85	50.0
2400.0	3779318282620764160	3779318278195773440	213	A00000727	695.0	100.0	1.35	426		58.92	-2400.0	4.0	5.0	10.0	GDGN0020	3779318278149636096	206	A00002045	1.0	0.01	0.0	8.0	8.0	1.3336	4.2147	2400.0	9.85	50.0
2400.0	3779318282624958464	3779318278149636096	206	A00002045	695.0	100.0	1.35	427		46.83	-2400.0	4.0	5.0	10.0	GDGN0019	3779318278187384832	212	A00000725	1.0	0.01	0.0	8.0	8.0	1.3336	4.2147	2400.0	9.85	50.0
2400.0	3779318282624958465	3779318278187384832	212	A00000725	695.0	100.0	1.35	428		55.96	-2400.0	4.0	5.0	10.0	GDGN0018	3779318278183190528	211	A00000723	1.0	0.01	0.0	8.0	8.0	1.3336	4.2147	2400.0	9.85	50.0
2400.0	3779318282629152768	3779318278183190528	211	A00000723	695.0	100.0	1.35	429		46.73	-2400.0	4.0	5.0	10.0	GDGN0017	3779318278153830400	207	A00000720	1.0	0.01	0.0	8.0	8.0	1.3336	4.2147	2400.0	9.85	50.0
2400.0	3779318282633347072	3779318278153830400	207	A00000720	691.0	100.0	1.35	430		16.21	-2400.0	4.0	5.0	10.0	GDGN0016	3779318278162219008	208	A00000718	1.0	0.01	0.0	8.0	10.0	1.3336	4.2147	2400.0	9.85	50.0
331.42	3779318282633347073	3779318278170607616	209	A00002053	592.6	100.0	1.35	431	A00003089	22.81	-331.428571	2.5	-10.0	6.3	GDGN0028	3779318278153830400	207	A00000720	1.0	0.01	0.0	10.0	8.7	1.3336	4.2147	331.428571	6.0	50.0	0.0
2400.0	3779318282637541376	3779318278162219008	208	A00000718	687.0	100.0	1.35	432		9.96	-2400.0	4.0	5.0	10.0	GDGN0015	3779318278174801920	210	A00000716	1.0	0.01	0.0	8.0	12.0	1.3336	4.2147	2400.0	9.85	50.0
388.57	3779318282641735680	3779318278141247488	205	A00000539	462.2	100.0	1.4	433		88.27	-388.571429	2.5	5.0	6.3	GDGN0043	3779318278124470272	202	A00000537	1.0	0.01	0.0	6.0	22.9	1.3336	4.2147	388.571429	6.0	50.0
388.57	3779318282641735681	3779318278128664576	203	A00000541	462.2	100.0	1.4	434		121.92	-388.571429	2.5	5.0	6.3	GDGN0044	3779318278141247488	205	A00000539	1.0	0.01	0.0	6.0	22.9	1.3336	4.2147	388.571429	6.0	50.0
388.57	3779318282645929984	3779318278137053184	204	A00000552	278.1	100.0	1.4	435		44.87	-388.571429	2.5	5.0	6.3	GDGN0045	3779318278128664576	203	A00000541	1.0	0.01	0.0	6.0	22.9	1.3336	4.2147	388.571429	6.0	50.0
388.57	3779318282650124288	3779318278124470272	202	A00000537	462.2	100.0	1.4	436	A00003090	76.16	-388.571429	2.5	5.0	6.3	GDGN0042	3779318278053167104	191	A00000533	1.0	0.01	0.0	6.0	22.9	1.3336	4.2147	388.571429	6.0	50.0	0.0
680.0	3779318282654318592	3779318278116081664	201	A00001244	659.6	100.0	1.3	437		118.5	-680.0	4.0	-10.0	6.3	GDGN0046	3779318278069944320	194	A00000543	1.0	0.01	0.0	8.0	25.7	4.8408	4.2147	680.0	11.85	50.0
680.0	3779318282658512896	3779318278103498752	199	A00000554	564.2	100.0	1.35	438		13.0	-680.0	2.5	5.0	6.3	GDGN0049	3779318278095110144	198	A00000547	1.0	0.01	0.0	8.0	22.9	4.8408	4.2147	680.0	6.0	50.0
680.0	3779318282658512897	3779318278095110144	198	A00000547	575.0	100.0	1.35	439		67.0	-680.0	2.5	5.0	6.3	GDGN0048	3779318278111887360	200	A00000545	1.0	0.01	0.0	8.0	17.5	4.8408	4.2147	680.0	6.0	50.0
680.0	3779318282662707200	3779318278111887360	200	A00000545	575.0	100.0	1.35	440		32.5	-680.0	2.5	5.0	6.3	GDGN0047	3779318278069944320	194	A00000543	1.0	0.01	0.0	8.0	17.5	4.8408	4.2147	680.0	6.0	50.0
1200.0	3779318282666901504	3779318277977669632	180	A00000767	676.0	100.0	1.35	441		27.6	-1200.0	4.0	5.0	10.0	GDGN0033	3779318278090915840	197	A00001508	1.0	0.01	0.0	10.0	17.5	1.3336	4.2147	1200.0	9.85	50.0
1200.0	3779318282666901505	3779318278090915840	197	A00001508	676.0	100.0	1.35	442		9.29	-1200.0	4.0	5.0	10.0	GDGN0032	3779318278082527232	196	A00000750	1.0	0.01	0.0	10.0	17.5	1.3336	4.2147	1200.0	9.85	50.0
1200.0	3779318282671095808	3779318278082527232	196	A00000750	676.0	100.0	1.35	443		53.98	-1200.0	4.0	5.0	10.0	GDGN0031	3779318278078332928	195	A00000729	1.0	0.01	0.0	10.0	17.5	1.3336	4.2147	1200.0	9.85	50.0
2857.14	3779318282675290112	3779318278053167104	191	A00000533	970.2	100.0	1.4	444		23.1	-2857.142857	4.0	5.0	10.0	GDGN0039	3779318278044778496	190	A00000761	1.0	0.01	0.0	6.0	22.9	1.3336	4.2147	2857.142857	9.85	50.0
2857.14	3779318282675290113	3779318278057361408	192	A00000535	970.2	100.0	1.4	445		51.7	-2857.142857	4.0	5.0	10.0	GDGN0040	3779318278053167104	191	A00000533	1.0	0.01	0.0	6.0	22.9	1.3336	4.2147	2857.142857	9.85	50.0
2857.14	3779318282679484416	3779318278065750016	193	A00000549	970.2	100.0	1.4	446		94.8	-2857.142857	4.0	5.0	10.0	GDGN0041	3779318278057361408	192	A00000535	1.0	0.01	0.0	6.0	22.9	1.3336	4.2147	2857.142857	9.85	50.0
2857.14	3779318282683678720	3779318278069944320	194	A00000543	676.0	100.0	1.35	447	A00003091	1.0	-2857.142857	2.5	5.0	10.0	GDGN0637	3779318278065750016	193	A00000549	1.0	0.01	0.0	8.0	17.5	1.3336	4.2147	2857.142857	6.0	50.0	0.0
2857.14	3779318282683678721	3779318278028001280	187	A00000754	970.2	100.0	1.4	448		71.6	-2857.142857	4.0	5.0	10.0	GDGN0035	3779318277986058240	181	A00000752	1.0	0.01	0.0	6.0	22.9	1.3336	4.2147	2857.142857	9.85	50.0
2857.14	3779318282687873024	3779318278032195584	188	A00000756	970.2	100.0	1.4	449		35.1	-2857.142857	4.0	5.0	10.0	GDGN0036	3779318278028001280	187	A00000754	1.0	0.01	0.0	6.0	22.9	1.3336	4.2147	2857.142857	9.85	50.0
2857.14	3779318282692067328	3779318278040584192	189	A00000758	970.2	100.0	1.4	450		22.6	-2857.142857	4.0	5.0	10.0	GDGN0037	3779318278032195584	188	A00000756	1.0	0.01	0.0	6.0	22.9	1.3336	4.2147	2857.142857	9.85	50.0
2857.14	3779318282692067329	3779318278044778496	190	A00000761	970.2	100.0	1.4	451		45.6	-2857.142857	4.0	5.0	10.0	GDGN0038	3779318278040584192	189	A00000758	1.0	0.01	0.0	6.0	22.9	1.3336	4.2147	2857.142857	9.85	50.0
3934.28	3779318282696261632	3779318278007029760	184	A00000706	992.0	100.0	1.75	452		21.3	-3934.285714	4.0	5.0	10.0	GDGN0006	3779318277927337984	172	A00000704	1.0	0.01	0.0	10.3	12.0	1.3336	4.2147	3934.285714	9.85	50.0
3934.28	3779318282700455936	3779318278011224064	185	A00000035	992.0	100.0	1.75	453		21.2	-3934.285714	4.0	5.0	10.0	GDGN0007	3779318278007029760	184	A00000706	1.0	0.01	0.0	10.3	12.0	1.3336	4.2147	3934.285714	9.85	50.0
3934.28	3779318282700455937	3779318278019612672	186	A00000708	992.0	100.0	1.75	454		65.9	-3934.285714	4.0	5.0	10.0	GDGN0008	3779318278011224064	185	A00000035	1.0	0.01	0.0	10.3	12.0	1.3336	4.2147	3934.285714	9.85	50.0
3934.28	3779318282704650240	3779318277994446848	182	A00000712	992.0	100.0	1.75	455		15.4	-3934.285714	4.0	5.0	10.0	GDGN0009	3779318278019612672	186	A00000708	1.0	0.01	0.0	9.5	12.0	1.3336	4.2147	3934.285714	9.85	50.0
2857.14	3779318282708844544	3779318277986058240	181	A00000752	970.2	100.0	1.4	456		21.2	-2857.142857	4.0	5.0	10.0	GDGN0034	3779318277994446848	182	A00000712	1.0	0.01	0.0	6.0	22.9	1.3336	4.2147	2857.142857	9.85	50.0
1000.0	3779318282713038848	3779318278002835456	183	A00000773	586.0	100.0	1.75	457	A00003092	23.2	-1000.0	2.5	-10.0	6.3	GDGN0014	3779318277994446848	182	A00000712	1.0	0.03	0.0	9.5	12.0	1.3336	4.2147	1000.0	6.0	50.0	0.0
1000.0	3779318282713038849	3779318277977669632	180	A00000767	992.0	100.0	1.75	458		26.3	-1000.0	4.0	5.0	10.0	GDGN0013	3779318277927337984	172	A00000704	1.0	0.03	0.0	10.3	12.0	1.3336	4.2147	1000.0	9.85	50.0
3934.28	3779318282717233152	3779318277973475328	179	A00000701	1002.0	100.0	1.75	459		37.5	-3934.285714	4.0	5.0	10.0	GDGN0003	3779318277906366464	169	A00000698	1.0	0.01	0.0	12.8	7.0	1.3336	4.2147	3934.285714	9.85	50.0
2571.42	3779318282721427456	3779318277952503808	176	A00000331	974.0	100.0	1.75	460		77.51	-2571.428571	4.0	5.0	10.0	GDGN0125	3779318277856034816	162	A00001072	1.0	0.03	0.0	14.2	21.0	0.4958	2.5734	2571.428571	9.85	50.0
3934.28	3779318282721427457	3779318277965086720	178	A00000380	966.0	100.0	1.75	461		1.0	-3934.285714	1.5	5.0	10.0	GDGN0643	3779318277952503808	176	A00000331	1.0	0.01	0.0	12.0	25.0	0.4958	2.5734	3934.285714	9.85	50.0
4200.0	3779318282725621760	3779318277960892416	177	A00000322	966.0	100.0	1.75	462		84.0	-1021.8985349999999	1.5	5.0	10.0	GDGN0118	3779318277965086720	178	A00000380	1.0	0.01	0.0	12.0	25.0	0.4958	2.5734	1021.8985349999999	9.85	50.0
4200.0	3779318282729816064	3779318277960892416	177	A00000322	966.0	100.0	1.75	463		43.0	-1021.8985349999999	1.5	5.0	10.0	GDGN0117	3779318281031122944	628	A00000313	1.0	0.01	0.0	12.0	25.0	0.4958	2.5734	1021.8985349999999	9.85	50.0
1000.0	3779318282734010368	3779318277939920896	174	A00000710	144.3	100.0	1.75	464	A00003093	14.7	-1000.0	2.5	5.0	6.3	GDGN0011	3779318277973475328	179	A00000701	1.0	0.03	0.0	11.9	12.0	1.3336	4.2147	1000.0	6.0	50.0	0.0
1000.0	3779318282734010369	3779318277948309504	175	A00000765	154.3	100.0	1.35	465		15.45	-1000.0	1.0	5.0	6.3	GDGN0012	3779318277939920896	174	A00000710	1.0	0.03	0.0	8.0	7.0	1.3336	4.2147	1000.0	6.0	50.0
3934.28	3779318282738204672	3779318277935726592	173	A00001975	992.0	100.0	1.75	466		32.84	-3934.285714	4.0	5.0	10.0	GDGN0004	3779318277973475328	179	A00000701	1.0	0.01	0.0	11.9	12.0	1.3336	4.2147	3934.285714	9.85	50.0
3934.28	3779318282742398976	3779318277927337984	172	A00000704	992.0	100.0	1.75	467		65.18	-3934.285714	4.0	5.0	10.0	GDGN0005	3779318277935726592	173	A00001975	1.0	0.01	0.0	11.9	12.0	1.3336	4.2147	3934.285714	9.85	50.0
3934.28	3779318282742398977	3779318277889589248	166	A00000372	968.0	100.0	1.75	468		1.0	-3934.285714	4.0	5.0	10.0	GDGN0630	3779318277902172160	168	A00001964	1.0	0.03	0.0	11.9	21.0	0.4958	2.5734	3934.285714	9.85	50.0
3934.28	3779318282746593280	3779318277918949376	171	A00000033	998.0	100.0	1.75	469		79.85	-3934.285714	4.0	5.0	10.0	GDGN0001	3779318277902172160	168	A00001964	1.0	0.01	0.0	11.9	9.0	1.3336	4.2147	3934.285714	9.85	50.0
3934.28	3779318282750787584	3779318277906366464	169	A00000698	1000.0	100.0	1.75	470		79.85	-3934.285714	4.0	5.0	10.0	GDGN0002	3779318277918949376	171	A00000033	1.0	0.01	0.0	12.8	8.0	1.3336	4.2147	3934.285714	9.85	50.0
228.57	3779318282750787585	3779318277914755072	170	A00000763	299.9	100.0	1.75	471	A00003094	7.7	-228.571429	2.5	-10.0	10.0	GDGN0010	3779318277906366464	169	A00000698	1.0	0.03	0.0	12.8	12.0	1.3336	4.2147	228.571429	6.0	50.0	0.0
2571.42	3779318282754981888	3779318277872812032	164	A00000333	974.0	100.0	1.75	472		61.43	-2571.428571	4.0	5.0	10.0	GDGN0126	3779318277952503808	176	A00000331	1.0	0.03	0.0	12.8	21.0	0.4958	2.5734	2571.428571	9.85	50.0
2571.42	3779318282759176192	3779318277893783552	167	A00000335	974.0	100.0	1.75	473		22.94	-2571.428571	4.0	5.0	10.0	GDGN0127	3779318277872812032	164	A00000333	1.0	0.03	0.0	12.8	21.0	0.4958	2.5734	2571.428571	9.85	50.0
2571.42	3779318282759176193	3779318277881200640	165	A00000337	974.0	100.0	1.75	474		35.85	-2571.428571	4.0	5.0	10.0	GDGN0128	3779318277893783552	167	A00000335	1.0	0.03	0.0	12.8	21.0	0.4958	2.5734	2571.428571	9.85	50.0
2571.42	3779318282763370496	3779318277889589248	166	A00000372	974.0	100.0	1.75	475		23.22	-2571.428571	4.0	5.0	10.0	GDGN0129	3779318277881200640	165	A00000337	1.0	0.03	0.0	11.9	21.0	0.4958	2.5734	2571.428571	9.85	50.0
2571.42	3779318282771759104	3779318277856034816	162	A00001072	974.0	100.0	1.75	476		25.49	-2571.428571	4.0	5.0	10.0	GDGN0124	3779318277835063296	159	A00000326	1.0	0.03	0.0	14.2	21.0	0.4958	2.5734	2571.428571	9.85	50.0
4857.14	3779318282775953408	3779318277868617728	163	A00000310	963.6	100.0	1.75	477		45.8	-4857.142857	4.0	-10.0	10.0	GDGN0115	3779318277856034816	162	A00001072	1.0	0.01	0.0	12.0	26.2	1.5341	2.5734	4857.142857	9.85	50.0
4857.14	3779318282780147712	3779318277822480384	157	A00000055	963.6	100.0	1.75	478		31.7	-4857.142857	4.0	-10.0	10.0	GDGN0116	3779318277868617728	163	A00000310	1.0	0.01	0.0	12.0	26.2	1.5341	2.5734	4857.142857	9.85	50.0
2571.42	3779318282780147713	3779318277843451904	160	A00000324	974.0	100.0	1.75	479		23.14	-2571.428571	4.0	5.0	10.0	GDGN0122	3779318277633736704	129	A00000294	1.0	0.03	0.0	14.2	21.0	0.4958	2.5734	2571.428571	9.85	50.0
2571.42	3779318282784342016	3779318277835063296	159	A00000326	974.0	100.0	1.75	480		38.51	-2571.428571	4.0	5.0	10.0	GDGN0123	3779318277843451904	160	A00000324	1.0	0.03	0.0	14.2	21.0	0.4958	2.5734	2571.428571	9.85	50.0
125.14	3779318282788536320	3779318277847646208	161	A00000375	974.0	100.0	1.75	481		9.0	-125.142857	4.0	5.0	10.0	GDGN0130	3779318277843451904	160	A00000324	1.0	0.03	0.0	14.2	21.0	1.3336	4.2147	125.142857	9.85	50.0
4857.14	3779318282788536321	3779318277818286080	156	A00000053	981.0	100.0	1.75	482	A00003095	47.5	-4857.142857	4.0	5.0	10.0	GDGN0081	3779318277633736704	129	A00000294	1.0	0.01	0.0	14.1	17.5	0.652	2.5734	4857.142857	9.85	50.0	0.0
4857.14	3779318282792730624	3779318277822480384	157	A00000055	974.0	100.0	1.75	483		28.23	-4857.142857	4.0	5.0	10.0	GDGN0082	3779318277818286080	156	A00000053	1.0	0.01	0.0	14.1	21.0	0.652	2.5734	4857.142857	9.85	50.0
4857.14	3779318282796924928	3779318277830868992	158	A00000072	986.0	100.0	1.75	484		13.15	-4857.142857	4.0	5.0	10.0	GDGN0083	3779318277822480384	157	A00000055	1.0	0.01	0.0	14.1	15.0	0.652	2.5734	4857.142857	9.85	50.0
1200.0	3779318282796924929	3779318277805703168	154	A00000058	695.0	100.0	1.75	485		47.34	-1200.0	2.5	5.0	5.5	GDGN0088	3779318277633736704	129	A00000294	1.0	0.01	0.0	10.0	8.0	0.652	2.5734	1200.0	5.0	50.0
1200.0	3779318282801119232	3779318277809897472	155	A00000074	695.0	100.0	1.75	486		11.78	-1200.0	2.5	5.0	5.5	GDGN0089	3779318277805703168	154	A00000058	1.0	0.01	0.0	10.0	8.0	0.652	2.5734	1200.0	5.0	50.0
857.14	3779318282805313536	3779318277797314560	153	A00000041	639.4	100.0	1.5	487	A00003096	31.26	0.0	2.5	5.0	6.3	GDGN0063	3779318277520490496	112	A00000038	1.0	0.03	0.0	10.0	10.3	1.1374	2.5734	857.142857	6.0	50.0	0.0
857.14	3779318282805313537	3779318277793120256	152	A00000070	639.4	100.0	1.5	488		11.55	0.0	2.5	5.0	6.3	GDGN0064	3779318277797314560	153	A00000041	1.0	0.03	0.0	10.0	10.3	1.1374	2.5734	857.142857	6.0	50.0
1142.85	3779318282809507840	3779318277746982912	145	A00000066	963.6	100.0	1.75	489		22.5	-1142.857143	2.5	-10.0	10.0	GDGN0121	3779318277776343040	150	A00000068	1.0	0.01	0.0	12.0	26.2	1.5341	8.8174	1142.857143	9.85	50.0
1142.85	3779318282813702144	3779318277772148736	149	A00001924	963.6	100.0	1.75	490		28.5	-1142.857143	2.5	-10.0	10.0	GDGN0120	3779318277776343040	150	A00000068	1.0	0.01	0.0	12.0	26.2	1.5341	8.8174	1142.857143	9.85	50.0
1142.85	3779318282813702145	3779318277784731648	151	A00001461	872.0	100.0	1.75	491		59.0	-1142.857143	2.5	-10.0	7.8	GDGN0119	3779318277772148736	149	A00001924	1.0	0.01	0.0	12.0	21.0	1.5341	8.8174	1142.857143	9.85	50.0
4285.71	3779318282817896448	3779318277759565824	147	A00000060	981.0	100.0	1.75	492		15.6	-4285.714286	4.0	5.0	10.0	GDGN0104	3779318277520490496	112	A00000038	1.0	0.01	0.0	14.1	17.5	0.5105	2.5734	4285.714286	9.85	50.0
4285.71	3779318282822090752	3779318277763760128	148	A00000062	964.0	100.0	1.75	493		28.7	-4285.714286	4.0	5.0	10.0	GDGN0105	3779318277759565824	147	A00000060	1.0	0.01	0.0	14.1	26.0	0.5105	2.5734	4285.714286	9.85	50.0
4285.71	3779318282822090753	3779318277751177216	146	A00000076	964.0	100.0	1.75	494		57.2	-4285.714286	4.0	5.0	10.0	GDGN0106	3779318277763760128	148	A00000062	1.0	0.01	0.0	14.1	26.0	0.5105	2.5734	4285.714286	9.85	50.0
7142.85	3779318282826285056	3779318277746982912	145	A00000066	963.6	100.0	1.75	495		29.8	-7142.857143000001	2.5	-10.0	10.0	GDGN0114	3779318277751177216	146	A00000076	1.0	0.01	0.0	12.0	26.2	1.5341	2.5734	7142.857143000001	9.85	50.0
7142.85	3779318282830479360	3779318277738594304	144	A00000064	1182.2	100.0	1.75	496		125.9	0.0	4.0	-10.0	10.0	GDGN0112	3779318277730205696	143	A00000308	1.0	0.01	0.0	12.0	18.4	1.5341	2.5734	7142.857143000001	9.85	50.0
7142.85	3779318282830479361	3779318277746982912	145	A00000066	979.2	100.0	1.75	497		89.83	-7142.857143000001	4.0	-10.0	10.0	GDGN0113	3779318277738594304	144	A00000064	1.0	0.01	0.0	12.0	18.4	1.5341	2.5734	7142.857143000001	9.85	50.0
7142.85	3779318282834673664	3779318277730205696	143	A00000308	1182.2	100.0	1.75	498		172.0	0.0	4.0	-10.0	10.0	GDGN0111	3779318277709234176	140	A00000778	1.0	0.01	0.0	12.0	18.4	1.5341	2.5734	7142.857143000001	9.85	50.0
2857.14	3779318282838867968	3779318277688262656	137	A00000354	981.0	100.0	1.75	499		1.0	-2857.142857	4.0	5.0	10.0	GDGN0628	3779318277575016448	120	A00000048	1.0	0.01	0.0	14.1	17.5	0.652	2.5734	2857.142857	9.85	50.0
2857.14	3779318282843062272	3779318277721817088	142	A00000357	974.0	100.0	2.16	500		71.18	-2857.142857	4.0	5.0	10.0	GDGN0145	3779318277688262656	137	A00000354	1.0	0.02	0.0	15.0	21.0	1.7088	4.2147	2857.142857	9.85	50.0
7142.85	3779318282843062273	3779318277717622784	141	A00001905	1182.2	100.0	1.75	501		212.37	0.0	4.0	-10.0	10.0	GDGN0109	3779318277415632896	96	A00001794	1.0	0.01	0.0	12.0	18.4	1.5341	2.5734	7142.857143000001	9.85	50.0
7142.85	3779318282847256576	3779318277709234176	140	A00000778	1182.2	100.0	1.75	502		198.7	0.0	4.0	-10.0	10.0	GDGN0110	3779318277717622784	141	A00001905	1.0	0.01	0.0	12.0	18.4	1.5341	2.5734	7142.857143000001	9.85	50.0
4285.71	3779318282851450880	3779318277700845568	139	A00000304	981.0	100.0	1.75	503		53.71	-4285.714286	4.0	5.0	10.0	GDGN0100	3779318277696651264	138	A00001896	1.0	0.01	0.0	14.1	17.5	0.5105	2.5734	4285.714286	9.85	50.0
4285.71	3779318282851450881	3779318277633736704	129	A00000294	986.0	100.0	1.75	504		103.86	-4285.714286	4.0	5.0	10.0	GDGN0101	3779318277700845568	139	A00000304	1.0	0.01	0.0	14.1	15.0	0.5105	2.5734	4285.714286	9.85	50.0
2857.14	3779318282855645184	3779318277688262656	137	A00000354	974.0	100.0	2.16	505		1.0	-2857.142857	4.0	5.0	10.0	GDGN0629	3779318277696651264	138	A00001896	1.0	0.02	0.0	15.0	21.0	0.5105	2.5734	2857.142857	9.85	50.0
4285.71	3779318282859839488	3779318277696651264	138	A00001896	981.0	100.0	1.75	506		66.75	0.0	4.0	5.0	10.0	GDGN0099	3779318277675679744	135	A00001886	1.0	0.01	0.0	14.7	17.5	0.5105	2.5734	4285.714286	9.85	50.0
4857.14	3779318282859839489	3779318277684068352	136	A00001363	986.8	100.0	1.53	507		153.31	-4857.142857	4.0	5.0	10.0	GDGN0445	3779318277356912640	88	A00001042	1.0	0.01	0.0	12.0	14.6	1.1994	2.189	4857.142857	9.85	50.0
4285.71	3779318282864033792	3779318277667291136	134	A00000301	981.0	100.0	1.75	508		99.79	0.0	4.0	5.0	10.0	GDGN0097	3779318277658902528	133	A00001007	1.0	0.01	0.0	13.0	17.5	0.5105	2.5734	4285.714286	9.85	50.0
4285.71	3779318282868228096	3779318277675679744	135	A00001886	986.0	100.0	1.75	509		59.15	0.0	4.0	5.0	10.0	GDGN0098	3779318277667291136	134	A00000301	1.0	0.01	0.0	13.0	15.0	0.5105	2.5734	4285.714286	9.85	50.0
4285.71	3779318282872422400	3779318277646319616	131	A00001001	981.0	100.0	1.75	510		115.75	0.0	4.0	5.0	10.0	GDGN0094	3779318277444993024	101	A00001024	1.0	0.01	0.0	11.2	17.5	0.5105	2.5734	4285.714286	9.85	50.0
4285.71	3779318282872422401	3779318277654708224	132	A00001004	981.0	100.0	1.75	511		179.96	0.0	4.0	5.0	10.0	GDGN0095	3779318277646319616	131	A00001001	1.0	0.01	0.0	11.2	17.5	0.5105	2.5734	4285.714286	9.85	50.0
4285.71	3779318282876616704	3779318277658902528	133	A00001007	981.0	100.0	1.75	512		60.39	0.0	4.0	5.0	10.0	GDGN0096	3779318277654708224	132	A00001004	1.0	0.01	0.0	13.0	17.5	0.5105	2.5734	4285.714286	9.85	50.0
857.14	3779318282880811008	3779318277642125312	130	A00000270	639.4	100.0	1.5	513	A00003097	11.0	0.0	2.5	5.0	5.0	GDGN0065	3779318277520490496	112	A00000038	1.0	0.03	0.0	10.0	10.3	1.1374	2.5734	857.142857	6.0	50.0	0.0
857.14	3779318282880811009	3779318277633736704	129	A00000294	639.4	100.0	1.5	514		53.0	0.0	2.5	5.0	5.0	GDGN0066	3779318277642125312	130	A00000270	1.0	0.03	0.0	10.0	10.3	1.1374	2.5734	857.142857	6.0	50.0
4857.14	3779318282885005312	3779318277633736704	129	A00000294	981.0	100.0	1.35	515		24.31	-4857.142857	4.0	5.0	10.0	GDGN0080	3779318277608570880	125	A00000287	1.0	0.03	0.0	10.0	17.5	0.652	2.5734	4857.142857	9.85	50.0
1200.0	3779318282889199616	3779318277621153792	127	A00001080	981.0	100.0	1.35	516		31.1	-1200.0	4.0	5.0	10.0	GDGN0091	3779318277600182272	124	A00000297	1.0	0.03	0.0	10.0	17.5	0.652	2.5734	1200.0	9.85	50.0
1200.0	3779318282889199617	3779318277625348096	128	A00001069	981.0	100.0	1.35	517		1.0	-1200.0	4.0	5.0	10.0	GDGN0646	3779318277621153792	127	A00001080	1.0	0.03	0.0	10.0	17.5	0.652	2.5734	1200.0	9.85	50.0
1200.0	3779318282893393920	3779318277612765184	126	A00001078	981.0	100.0	1.35	518		31.25	-1200.0	4.0	5.0	10.0	GDGN0092	3779318277625348096	128	A00001069	1.0	0.03	0.0	10.0	17.5	0.652	2.5734	1200.0	9.85	50.0
4857.14	3779318282897588224	3779318277608570880	125	A00000287	981.0	100.0	1.75	519		15.48	-4857.142857	4.0	5.0	10.0	GDGN0079	3779318277595987968	123	A00000285	1.0	0.01	0.0	14.1	17.5	0.652	2.5734	4857.142857	9.85	50.0
1200.0	3779318282897588225	3779318277600182272	124	A00000297	981.0	100.0	1.35	520		77.61	-1200.0	4.0	5.0	10.0	GDGN0090	3779318277608570880	125	A00000287	1.0	0.03	0.0	10.0	17.5	0.652	2.5734	1200.0	9.85	50.0
4857.14	3779318282901782528	3779318277583405056	121	A00000282	981.0	100.0	1.75	521		73.41	-4857.142857	4.0	5.0	10.0	GDGN0077	3779318277575016448	120	A00000048	1.0	0.01	0.0	14.1	17.5	0.652	2.5734	4857.142857	9.85	50.0
4857.14	3779318282905976832	3779318277587599360	122	A00000383	981.0	100.0	1.75	522		42.47	-4857.142857	4.0	5.0	10.0	GDGN0078	3779318277583405056	121	A00000282	1.0	0.01	0.0	14.1	17.5	0.652	2.5734	4857.142857	9.85	50.0
4857.14	3779318282905976833	3779318277595987968	123	A00000285	981.0	100.0	1.75	523		1.0	-4857.142857	4.0	5.0	10.0	GDGN0647	3779318277587599360	122	A00000383	1.0	0.01	0.0	14.1	17.5	0.652	2.5734	4857.142857	9.85	50.0
4857.14	3779318282910171136	3779318277528879104	113	A00000993	981.0	100.0	1.75	524		55.29	0.0	4.0	5.0	10.0	GDGN0069	3779318277440798720	100	A00001805	1.0	0.01	0.0	11.2	17.5	0.652	2.5734	4857.142857	9.85	50.0
4857.14	3779318282914365440	3779318277533073408	114	A00000996	981.0	100.0	1.75	525		117.11	0.0	4.0	5.0	10.0	GDGN0070	3779318277528879104	113	A00000993	1.0	0.01	0.0	11.2	17.5	0.652	2.5734	4857.142857	9.85	50.0
4857.14	3779318282914365441	3779318277541462016	115	A00000999	981.0	100.0	1.75	526		74.14	0.0	4.0	5.0	10.0	GDGN0071	3779318277533073408	114	A00000996	1.0	0.01	0.0	13.0	17.5	0.652	2.5734	4857.142857	9.85	50.0
4857.14	3779318282922754048	3779318277549850624	116	A00000272	981.0	100.0	1.75	527		94.88	0.0	4.0	5.0	10.0	GDGN0072	3779318277541462016	115	A00000999	1.0	0.01	0.0	13.0	17.5	0.652	2.5734	4857.142857	9.85	50.0
4857.14	3779318282926948352	3779318277554044928	117	A00000276	981.0	100.0	1.75	528		29.0	0.0	4.0	5.0	10.0	GDGN0073	3779318277549850624	116	A00000272	1.0	0.01	0.0	13.0	17.5	0.652	2.5734	4857.142857	9.85	50.0
4857.14	3779318282931142656	3779318277562433536	118	A00000279	981.0	100.0	1.75	529		1.0	0.0	4.0	5.0	10.0	GDGN0074	3779318277554044928	117	A00000276	1.0	0.01	0.0	13.0	17.5	0.652	2.5734	4857.142857	9.85	50.0
4857.14	3779318282935336960	3779318277566627840	119	A00000043	981.0	100.0	1.75	530		6.57	0.0	4.0	5.0	10.0	GDGN0075	3779318277562433536	118	A00000279	1.0	0.01	0.0	13.0	17.5	0.652	2.5734	4857.142857	9.85	50.0
4857.14	3779318282935336961	3779318277575016448	120	A00000048	981.0	100.0	1.75	531		64.55	0.0	4.0	5.0	10.0	GDGN0076	3779318277566627840	119	A00000043	1.0	0.01	0.0	14.7	17.5	0.652	2.5734	4857.142857	9.85	50.0
857.14	3779318282939531264	3779318277491130368	108	A00000265	639.4	100.0	1.5	532		63.58	0.0	2.5	5.0	6.3	GDGN0058	3779318277486936064	107	A00000987	1.0	0.03	0.0	10.0	10.3	1.1374	2.5734	857.142857	6.0	50.0
857.14	3779318282943725568	3779318277499518976	109	A00000989	639.4	100.0	1.5	533		113.54	0.0	2.5	5.0	6.3	GDGN0059	3779318277491130368	108	A00000265	1.0	0.03	0.0	10.0	10.3	1.1374	2.5734	857.142857	6.0	50.0
857.14	3779318282943725569	3779318277507907584	110	A00001830	639.4	100.0	1.5	534		99.69	0.0	2.5	5.0	6.3	GDGN0060	3779318277499518976	109	A00000989	1.0	0.03	0.0	10.0	10.3	1.1374	2.5734	857.142857	6.0	50.0
857.14	3779318282947919872	3779318277516296192	111	A00000268	639.4	100.0	1.5	535		72.97	0.0	2.5	5.0	6.3	GDGN0061	3779318277507907584	110	A00001830	1.0	0.03	0.0	10.0	10.3	1.1374	2.5734	857.142857	6.0	50.0
857.14	3779318282952114176	3779318277520490496	112	A00000038	639.4	100.0	1.5	536	A00003098	27.89	0.0	2.5	5.0	6.3	GDGN0062	3779318277516296192	111	A00000268	1.0	0.03	0.0	10.0	10.3	1.1374	2.5734	857.142857	6.0	50.0	0.0
857.14	3779318282956308480	3779318277470158848	105	A00001022	639.4	100.0	1.5	537		68.45	0.0	2.5	5.0	6.3	GDGN0055	3779318277453381632	102	A00001020	1.0	0.03	0.0	10.0	10.3	1.1374	2.5734	857.142857	6.0	50.0
857.14	3779318282956308481	3779318277478547456	106	A00000985	639.4	100.0	1.5	538		112.36	0.0	2.5	5.0	6.3	GDGN0056	3779318277470158848	105	A00001022	1.0	0.03	0.0	10.0	10.3	1.1374	2.5734	857.142857	6.0	50.0
857.14	3779318282960502784	3779318277486936064	107	A00000987	630.0	100.0	1.5	539		32.44	0.0	2.5	5.0	6.3	GDGN0057	3779318277478547456	106	A00000985	1.0	0.03	0.0	10.0	15.0	1.1374	2.5734	857.142857	6.0	50.0
857.14	3779318282964697088	3779318277461770240	103	A00001016	630.0	100.0	1.5	540		27.52	0.0	2.5	5.0	6.3	GDGN0052	3779318277428215808	98	A00001015	1.0	0.03	0.0	10.0	15.0	1.1374	2.5734	857.142857	6.0	50.0
857.14	3779318282964697089	3779318277465964544	104	A00001018	630.0	100.0	1.5	541		24.82	0.0	2.5	5.0	6.3	GDGN0053	3779318277461770240	103	A00001016	1.0	0.03	0.0	10.0	15.0	1.1374	2.5734	857.142857	6.0	50.0
857.14	3779318282968891392	3779318277453381632	102	A00001020	630.0	100.0	1.5	542		31.18	0.0	2.5	5.0	6.3	GDGN0054	3779318277465964544	104	A00001018	1.0	0.03	0.0	10.0	15.0	1.1374	2.5734	857.142857	6.0	50.0
4857.14	3779318282973085696	3779318277432410112	99	A00000991	981.0	100.0	1.75	543		161.42	0.0	4.0	5.0	10.0	GDGN0067	3779318277419827200	97	A00000854	1.0	0.01	0.0	11.2	17.5	0.652	2.5734	4857.142857	9.85	50.0
4857.14	3779318282973085697	3779318277440798720	100	A00001805	981.0	100.0	1.75	544		11.98	0.0	4.0	5.0	10.0	GDGN0068	3779318277432410112	99	A00000991	1.0	0.01	0.0	11.2	17.5	0.652	2.5734	4857.142857	9.85	50.0
4285.71	3779318282977280000	3779318277444993024	101	A00001024	981.0	100.0	1.75	545		40.78	0.0	4.0	5.0	10.0	GDGN0093	3779318277419827200	97	A00000854	1.0	0.01	0.0	11.2	17.5	0.5105	2.5734	4285.714286	9.85	50.0
857.14	3779318282981474304	3779318277419827200	97	A00000854	625.0	100.0	1.75	546	A00003099	111.56	0.0	4.0	5.0	6.3	GDGN0050	3779318277403049984	94	A00001373	1.0	0.01	0.0	11.2	17.5	1.1374	2.5734	857.142857	9.85	50.0	0.0
857.14	3779318282985668608	3779318277428215808	98	A00001015	639.4	100.0	1.5	547	A00003100	31.38	0.0	2.5	5.0	6.3	GDGN0051	3779318277419827200	97	A00000854	1.0	0.03	0.0	10.0	10.3	1.1374	2.5734	857.142857	6.0	50.0	0.0
7142.85	3779318282985668609	3779318277407244288	95	A00001790	1182.2	100.0	1.75	548	A00003101	32.13	0.0	4.0	-10.0	10.0	GDGN0107	3779318277386272768	92	A00001781	1.0	0.01	0.0	12.0	18.4	1.5341	2.5734	7142.857143000001	9.85	50.0	0.0
7142.85	3779318282989862912	3779318277415632896	96	A00001794	1182.2	100.0	1.75	549		231.11	0.0	4.0	-10.0	10.0	GDGN0108	3779318277407244288	95	A00001790	1.0	0.01	0.0	12.0	18.4	1.5341	2.5734	7142.857143000001	9.85	50.0
8571.42	3779318282994057216	3779318277386272768	92	A00001781	1166.2	100.0	1.11	550		164.43	-8571.428570999999	6.0	-10.0	12.0	GDGN0413	3779318277344329728	86	A00001764	1.0	0.01	0.0	12.0	26.4	1.0672	1.1028	8571.428570999999	11.85	50.0
2857.14	3779318282994057217	3779318277394661376	93	A00001784	996.0	100.0	1.38	551		171.1	-2857.142857	4.0	-10.0	10.0	GDGN0363	3779318277352718336	87	A00000826	1.0	0.01	0.0	10.0	10.0	0.6813	2.189	2857.142857	9.85	50.0
2857.14	3779318282998251520	3779318277403049984	94	A00001373	963.2	100.0	1.11	552		1.0	-2857.142857	4.0	-10.0	10.0	GDGN0364	3779318277394661376	93	A00001784	1.0	0.01	0.0	12.0	26.4	0.6813	2.189	2857.142857	9.85	50.0
2857.14	3779318283002445824	3779318277373689856	90	A00001776	961.0	100.0	1.11	553	A00003102	46.0	-2857.142857	4.0	5.0	10.0	GDGN0359	3779318277285609472	78	A00000816	1.0	0.01	0.0	12.2	27.5	0.6813	2.189	2857.142857	9.85	50.0	0.0
2857.14	3779318283006640128	3779318277365301248	89	A00000820	981.0	100.0	1.38	554		45.0	-2857.142857	4.0	-10.0	10.0	GDGN0360	3779318277373689856	90	A00001776	1.0	0.01	0.0	10.0	17.5	0.6813	2.189	2857.142857	9.85	50.0
2857.14	3779318283006640129	3779318277382078464	91	A00000822	996.0	100.0	1.38	555		43.0	-2857.142857	4.0	-10.0	10.0	GDGN0361	3779318277365301248	89	A00000820	1.0	0.01	0.0	10.0	10.0	0.6813	2.189	2857.142857	9.85	50.0
2857.14	3779318283010834432	3779318277352718336	87	A00000826	996.0	100.0	1.38	556		45.5	-2857.142857	4.0	-10.0	10.0	GDGN0362	3779318277382078464	91	A00000822	1.0	0.01	0.0	10.0	10.0	0.6813	2.189	2857.142857	9.85	50.0
8571.42	3779318283015028736	3779318277344329728	86	A00001764	1166.2	100.0	1.11	557		212.15	-8571.428570999999	6.0	-10.0	12.0	GDGN0412	3779318277277220864	77	A00001739	1.0	0.01	0.0	12.0	26.4	1.0672	1.1028	8571.428570999999	11.85	50.0
4857.14	3779318283015028737	3779318277356912640	88	A00001042	974.0	100.0	1.53	558		182.26	-4857.142857	4.0	-10.0	10.0	GDGN0444	3779318277293998080	79	A00001358	1.0	0.01	0.0	12.0	21.0	1.1994	2.189	4857.142857	9.85	50.0
4857.14	3779318283019223040	3779318277340135424	85	A00000829	986.8	100.0	1.53	559		95.94	-4857.142857	4.0	5.0	10.0	GDGN0501	3779318277256249344	74	A00001355	1.0	0.01	0.0	12.0	14.6	0.7112	1.2991	4857.142857	9.85	50.0
4857.14	3779318283023417344	3779318277319163904	82	A00001753	986.8	100.0	1.53	560	A00003103	1.0	0.0	4.0	5.0	10.0	GDGN0502	3779318277340135424	85	A00000829	1.0	0.01	0.0	12.0	14.6	0.7112	1.2991	4857.142857	9.85	50.0	0.0
4857.14	3779318283023417345	3779318277293998080	79	A00001358	986.8	100.0	1.53	561		68.53	-4857.142857	4.0	-10.0	10.0	GDGN0503	3779318277340135424	85	A00000829	1.0	0.01	0.0	12.0	14.6	0.7112	1.2991	4857.142857	9.85	50.0
8571.42	3779318283027611648	3779318277285609472	78	A00000816	1166.2	100.0	1.11	562		1.0	-8571.428570999999	6.0	-10.0	12.0	GDGN0411	3779318277277220864	77	A00001739	1.0	0.01	0.0	12.0	26.4	1.0672	1.1028	8571.428570999999	11.85	50.0
8571.42	3779318283031805952	3779318277327552512	83	A00001756	1164.0	100.0	1.11	563		61.0	-8571.428570999999	6.0	5.0	10.0	GDGN0386	3779318277243666432	72	A00001409	1.0	0.01	0.0	12.2	27.5	0.4965	1.2991	8571.428570999999	11.85	50.0
8571.42	3779318283036000256	3779318277331746816	84	A00001759	1164.0	100.0	1.11	564		22.23	-8571.428570999999	6.0	5.0	10.0	GDGN0387	3779318277327552512	83	A00001756	1.0	0.01	0.0	12.2	27.5	0.4965	1.2991	8571.428570999999	11.85	50.0
8571.42	3779318283036000257	3779318277319163904	82	A00001753	588.0	100.0	1.35	565	A00003104	1.0	0.0	2.5	-15.0	10.0	GDGN0650	3779318277331746816	84	A00001759	1.0	0.04	0.0	10.0	11.0	0.4965	1.2991	8571.428570999999	9.85	50.0	0.0
8571.42	3779318283040194560	3779318277285609472	78	A00000816	1164.0	100.0	1.11	566		77.53	-8571.428570999999	6.0	5.0	10.0	GDGN0388	3779318277331746816	84	A00001759	1.0	0.01	0.0	12.2	27.5	0.4965	1.2991	8571.428570999999	11.85	50.0
8571.42	3779318283044388864	3779318277310775296	81	A00001750	1182.2	100.0	1.11	567		79.0	-8571.428570999999	6.0	-10.0	12.0	GDGN0433	3779318277252055040	73	A00001727	1.0	0.01	0.0	12.0	18.4	0.4965	1.1028	8571.428570999999	11.85	50.0
8571.42	3779318283044388865	3779318277277220864	77	A00001739	1182.2	100.0	1.11	568		73.0	-8571.428570999999	6.0	-10.0	12.0	GDGN0434	3779318277310775296	81	A00001750	1.0	0.01	0.0	12.0	18.4	0.4965	1.1028	8571.428570999999	11.85	50.0
8571.42	3779318283048583168	3779318277268832256	76	A00000133	1164.0	100.0	1.11	569		119.64	-8571.428570999999	6.0	5.0	10.0	GDGN0384	3779318277214306304	67	A00001709	1.0	0.01	0.0	12.2	27.5	0.4965	1.2991	8571.428570999999	11.85	50.0
8571.42	3779318283052777472	3779318277243666432	72	A00001409	1164.0	100.0	1.11	570		95.94	-8571.428570999999	6.0	5.0	10.0	GDGN0385	3779318277268832256	76	A00000133	1.0	0.01	0.0	12.2	27.5	0.4965	1.2991	8571.428570999999	11.85	50.0
4857.14	3779318283052777473	3779318277264637952	75	A00001349	981.0	100.0	1.53	571		143.91	-4857.142857	4.0	5.0	10.0	GDGN0498	3779318277205917696	66	A00001346	1.0	0.01	0.0	12.0	17.5	0.7112	1.2991	4857.142857	9.85	50.0
4857.14	3779318283056971776	3779318277239472128	71	A00001352	986.8	100.0	1.53	572		119.64	-4857.142857	4.0	5.0	10.0	GDGN0499	3779318277264637952	75	A00001349	1.0	0.01	0.0	12.0	14.6	0.7112	1.2991	4857.142857	9.85	50.0
8571.42	3779318283061166080	3779318277252055040	73	A00001727	1182.2	100.0	1.11	573		215.0	-8571.428570999999	6.0	-10.0	12.0	GDGN0432	3779318277218500608	68	A00001713	1.0	0.01	0.0	12.0	18.4	0.4965	1.1028	8571.428570999999	11.85	50.0
4857.14	3779318283065360384	3779318277256249344	74	A00001355	981.0	100.0	1.53	574		123.35	-4857.142857	4.0	5.0	10.0	GDGN0500	3779318277239472128	71	A00001352	1.0	0.01	0.0	12.0	17.5	0.7112	1.2991	4857.142857	9.85	50.0
105.14	3779318283065360385	3779318277231083520	70	A00000162	1204.8	100.0	1.35	575	A00003105	54.82	-105.142857	1.5	-10.0	4.0	GDGN0391	3779318277214306304	67	A00001709	1.0	0.01	0.0	10.0	7.1	0.4965	1.2991	105.142857	6.0	50.0	0.0
8571.42	3779318283069554688	3779318277226889216	69	A00000131	1164.0	100.0	1.11	576		56.0	-8571.428570999999	6.0	5.0	10.0	GDGN0382	3779318277201723392	65	A00000128	1.0	0.01	0.0	12.2	27.5	0.4965	1.2991	8571.428570999999	11.85	50.0
8571.42	3779318283073748992	3779318277214306304	67	A00001709	1164.0	100.0	1.11	577		87.91	-8571.428570999999	6.0	5.0	10.0	GDGN0383	3779318277226889216	69	A00000131	1.0	0.01	0.0	12.2	27.5	0.4965	1.2991	8571.428570999999	11.85	50.0
8571.42	3779318283077943296	3779318277218500608	68	A00001713	1182.2	100.0	1.11	578		149.0	-8571.428570999999	6.0	-10.0	12.0	GDGN0431	3779318277193334784	64	A00001700	1.0	0.01	0.0	12.0	18.4	0.4965	1.1028	8571.428570999999	11.85	50.0
4857.14	3779318283082137600	3779318277205917696	66	A00001346	981.0	100.0	1.53	579		191.88	-4857.142857	4.0	5.0	10.0	GDGN0497	3779318277180751872	62	A00001343	1.0	0.01	0.0	12.0	17.5	0.7112	1.2991	4857.142857	9.85	50.0
8571.42	3779318283086331904	3779318277193334784	64	A00001700	1182.2	100.0	1.11	580		191.0	-8571.428570999999	6.0	-10.0	12.0	GDGN0430	3779318277163974656	60	A00001688	1.0	0.01	0.0	12.0	18.4	0.4965	1.1028	8571.428570999999	11.85	50.0
8571.42	3779318283086331905	3779318277201723392	65	A00000128	1164.0	100.0	1.11	581		191.88	-8571.428570999999	6.0	5.0	10.0	GDGN0381	3779318277172363264	61	A00000126	1.0	0.01	0.0	12.2	27.5	0.4965	1.2991	8571.428570999999	11.85	50.0
4857.14	3779318283090526208	3779318277189140480	63	A00000135	981.0	100.0	1.53	582		75.84	-4857.142857	4.0	5.0	10.0	GDGN0495	3779318277159780352	59	A00001340	1.0	0.01	0.0	12.0	17.5	0.7112	1.2991	4857.142857	9.85	50.0
4857.14	3779318283094720512	3779318277180751872	62	A00001343	981.0	100.0	1.53	583		81.77	-4857.142857	4.0	5.0	10.0	GDGN0496	3779318277189140480	63	A00000135	1.0	0.01	0.0	12.0	17.5	0.7112	1.2991	4857.142857	9.85	50.0
8571.42	3779318283098914816	3779318277163974656	60	A00001688	1182.2	100.0	1.11	584		169.0	-8571.428570999999	6.0	-10.0	12.0	GDGN0429	3779318277134614528	56	A00001674	1.0	0.01	0.0	12.0	18.4	0.4965	1.1028	8571.428570999999	11.85	50.0
8571.42	3779318283098914817	3779318277172363264	61	A00000126	1164.0	100.0	1.11	585		171.32	-8571.428570999999	6.0	5.0	10.0	GDGN0380	3779318277138808832	57	A00001678	1.0	0.01	0.0	12.2	27.5	0.4965	1.2991	8571.428570999999	11.85	50.0
4857.14	3779318283103109120	3779318277159780352	59	A00001340	986.8	100.0	1.53	586		157.62	-4857.142857	4.0	-10.0	10.0	GDGN0494	3779318277126225920	55	A00001337	1.0	0.01	0.0	10.0	14.6	0.7112	1.2991	4857.142857	9.85	50.0
4857.14	3779318283107303424	3779318277151391744	58	A00001334	986.8	100.0	1.53	587		164.47	-4857.142857	4.0	5.0	10.0	GDGN0492	3779318277105254400	52	A00001331	1.0	0.01	0.0	10.0	14.6	0.7112	1.2991	4857.142857	9.85	50.0
8571.42	3779318283107303425	3779318277134614528	56	A00001674	1182.2	100.0	1.11	588		193.0	-8571.428570999999	6.0	-10.0	12.0	GDGN0428	3779318277113643008	53	A00001415	1.0	0.01	0.0	12.0	18.4	0.4965	1.1028	8571.428570999999	11.85	50.0
8571.42	3779318283111497728	3779318277138808832	57	A00001678	1164.0	100.0	1.11	589		191.88	-8571.428570999999	6.0	5.0	10.0	GDGN0379	3779318277117837312	54	A00001402	1.0	0.01	0.0	12.2	27.5	0.4965	1.2991	8571.428570999999	11.85	50.0
8571.42	3779318283115692032	3779318277113643008	53	A00001415	1182.2	100.0	1.11	590		136.0	-8571.428570999999	6.0	-10.0	12.0	GDGN0427	3779318276954259456	29	A00001412	1.0	0.01	0.0	12.0	18.4	0.4965	1.1028	8571.428570999999	11.85	50.0
8571.42	3779318283119886336	3779318277117837312	54	A00001402	1164.0	100.0	1.11	591		137.16	-8571.428570999999	6.0	5.0	10.0	GDGN0378	3779318277101060096	51	A00001399	1.0	0.01	0.0	12.2	27.5	0.4965	1.2991	8571.428570999999	11.85	50.0
4857.14	3779318283124080640	3779318277126225920	55	A00001337	986.8	100.0	1.53	592		137.16	-4857.142857	4.0	-10.0	10.0	GDGN0493	3779318277151391744	58	A00001334	1.0	0.01	0.0	10.0	14.6	0.7112	1.2991	4857.142857	9.85	50.0
4857.14	3779318283124080641	3779318277105254400	52	A00001331	986.8	100.0	1.53	593		164.47	-4857.142857	4.0	5.0	10.0	GDGN0491	3779318277046534144	43	A00001328	1.0	0.01	0.0	10.0	14.6	0.7112	1.2991	4857.142857	9.85	50.0
8571.42	3779318283128274944	3779318277101060096	51	A00001399	1164.0	100.0	1.11	594		61.67	-8571.428570999999	6.0	5.0	10.0	GDGN0377	3779318276908122112	23	A00001106	1.0	0.01	0.0	12.2	27.5	0.4965	1.2991	8571.428570999999	11.85	50.0
4857.14	3779318283132469248	3779318277021368320	39	A00001086	594.0	100.0	1.4	595	A00003106	1.0	-4857.142857	2.5	5.0	6.3	GDGN0631	3779318277008785408	37	A00001113	1.0	0.01	0.0	6.0	8.0	0.7112	1.2991	4857.142857	6.0	50.0	0.0
714.28	3779318283136663552	3779318277088477184	49	A00001654	1000.0	100.0	1.4	596		89.0	-714.285714	2.5	5.0	6.3	GDGN0232	3779318277021368320	39	A00001086	1.0	0.01	0.0	6.0	8.0	1.2425	1.2991	714.285714	6.0	50.0
714.28	3779318283136663553	3779318277092671488	50	A00001657	1002.0	100.0	1.4	597		71.54	-714.285714	2.5	5.0	4.0	GDGN0233	3779318277088477184	49	A00001654	1.0	0.01	0.0	6.0	7.0	1.2425	1.2991	714.285714	6.0	50.0
714.28	3779318283140857856	3779318277080088576	48	A00001121	1002.0	100.0	1.4	598		31.18	-714.285714	2.5	5.0	4.0	GDGN0234	3779318277092671488	50	A00001657	1.0	0.01	0.0	6.0	7.0	1.2425	1.2991	714.285714	6.0	50.0
3428.57	3779318283145052160	3779318277008785408	37	A00001113	986.8	100.0	1.53	599		1.0	-3428.571429	4.0	5.0	10.0	GDGN0392	3779318277017174016	38	A00001624	1.0	0.01	0.0	10.0	14.6	0.4965	1.2991	3428.571429	9.85	50.0
3428.57	3779318283145052161	3779318276874567680	18	A00001104	981.0	100.0	1.35	600		61.0	-3428.571429	4.0	5.0	10.0	GDGN0397	3779318277054922752	44	A00001641	1.0	0.01	0.0	9.0	17.5	0.4965	1.2991	3428.571429	9.85	50.0
3428.57	3779318283149246464	3779318277054922752	44	A00001641	981.0	100.0	1.35	601		63.0	-3428.571429	4.0	5.0	10.0	GDGN0396	3779318277067505664	46	A00001646	1.0	0.01	0.0	9.0	17.5	0.4965	1.2991	3428.571429	9.85	50.0
3428.57	3779318283153440768	3779318277067505664	46	A00001646	981.0	100.0	1.35	602		191.0	-3428.571429	4.0	5.0	10.0	GDGN0395	3779318277075894272	47	A00001109	1.0	0.01	0.0	9.0	17.5	0.4965	1.2991	3428.571429	9.85	50.0
3428.57	3779318283153440769	3779318277075894272	47	A00001109	981.0	100.0	1.35	603		25.0	-3428.571429	4.0	5.0	10.0	GDGN0394	3779318277029756928	40	A00001628	1.0	0.01	0.0	9.0	17.5	0.4965	1.2991	3428.571429	9.85	50.0
3428.57	3779318283157635072	3779318277029756928	40	A00001628	986.8	100.0	1.53	604		185.0	-3428.571429	4.0	5.0	10.0	GDGN0393	3779318277017174016	38	A00001624	1.0	0.01	0.0	10.0	14.6	0.4965	1.2991	3428.571429	9.85	50.0
3428.57	3779318283161829376	3779318277063311360	45	A00001131	981.0	100.0	1.35	605		34.6	-3428.571429	4.0	5.0	10.0	GDGN0398	3779318277054922752	44	A00001641	1.0	0.01	0.0	9.0	17.5	0.4965	1.2991	3428.571429	9.85	50.0
4857.14	3779318283161829377	3779318277033951232	41	A00001322	986.8	100.0	1.53	606		178.17	-4857.142857	4.0	5.0	10.0	GDGN0488	3779318277008785408	37	A00001113	1.0	0.01	0.0	10.0	14.6	0.7112	1.2991	4857.142857	9.85	50.0
4857.14	3779318283166023680	3779318277042339840	42	A00001325	986.8	100.0	1.53	607		137.16	-4857.142857	4.0	5.0	10.0	GDGN0489	3779318277033951232	41	A00001322	1.0	0.01	0.0	10.0	14.6	0.7112	1.2991	4857.142857	9.85	50.0
4857.14	3779318283170217984	3779318277046534144	43	A00001328	986.8	100.0	1.53	608		178.17	-4857.142857	4.0	5.0	10.0	GDGN0490	3779318277042339840	42	A00001325	1.0	0.01	0.0	10.0	14.6	0.7112	1.2991	4857.142857	9.85	50.0
171.42	3779318283174412288	3779318276975230976	32	A00001119	445.0	100.0	1.4	609		21.55	-171.428571	1.5	5.0	4.0	GDGN0588	3779318276987813888	34	A00001614	1.0	0.01	0.0	6.0	6.0	3.4117	1.2991	171.428571	4.0	50.0
171.42	3779318283174412289	3779318276987813888	34	A00001614	443.0	100.0	1.4	610		54.82	-171.428571	1.5	5.0	4.0	GDGN0587	3779318276996202496	35	A00001117	1.0	0.01	0.0	6.0	7.0	3.4117	1.2991	171.428571	4.0	50.0
171.42	3779318283178606592	3779318276996202496	35	A00001117	443.0	100.0	1.4	611		65.35	-171.428571	1.5	5.0	4.0	GDGN0586	3779318276983619584	33	A00001611	1.0	0.01	0.0	6.0	7.0	3.4117	1.2991	171.428571	4.0	50.0
171.42	3779318283182800896	3779318276983619584	33	A00001611	445.0	100.0	1.4	612		133.38	-171.428571	1.5	-15.0	4.0	GDGN0585	3779318277004591104	36	A00001115	1.0	0.01	0.0	6.0	6.0	3.4117	1.2991	171.428571	4.0	50.0
3428.57	3779318283186995200	3779318276983619584	33	A00001611	445.0	100.0	1.4	613	A00003107	2.96	-3428.571429	1.5	-15.0	10.0	GDGN0399	3779318276874567680	18	A00001104	1.0	0.01	0.0	6.0	6.0	0.4965	1.2991	3428.571429	4.0	50.0	0.0
857.14	3779318283195383808	3779318276962648064	30	A00001128	1205.0	100.0	1.35	614	A00003108	14.0	-857.142857	1.5	-10.0	6.3	GDGN0390	3779318276849401856	14	A00001098	1.0	0.01	0.0	7.0	7.0	0.4965	1.2991	857.142857	6.0	50.0	0.0
857.14	3779318283199578112	3779318276966842368	31	A00001123	1143.0	100.0	1.35	615	A00003109	58.0	-857.142857	1.5	-10.0	10.0	GDGN0389	3779318276849401856	14	A00001098	1.0	0.01	0.0	7.0	38.0	0.4965	1.2991	857.142857	6.0	50.0	0.0
171.42	3779318283203772416	3779318276966842368	31	A00001123	443.0	100.0	1.4	616	A00003110	27.41	-171.428571	1.5	5.0	4.0	GDGN0589	3779318276975230976	32	A00001119	1.0	0.01	0.0	6.0	7.0	3.4117	1.2991	171.428571	4.0	50.0	0.0
8571.42	3779318283203772417	3779318276954259456	29	A00001412	1182.2	100.0	1.11	617		181.0	-8571.428570999999	6.0	-10.0	12.0	GDGN0426	3779318276916510720	24	A00001587	1.0	0.01	0.0	12.0	18.4	0.4965	1.1028	8571.428570999999	11.85	50.0
8571.42	3779318283207966720	3779318276727767040	2	A00001088	1166.2	100.0	1.19	618		71.0	-8571.428570999999	6.0	-10.0	12.0	GDGN0436	3779318276950065152	28	A00001451	1.0	0.01	0.0	12.0	26.4	0.4965	1.1028	8571.428570999999	11.85	50.0
8571.42	3779318283212161024	3779318276920705024	25	A00001591	1182.2	100.0	1.11	619		31.0	-8571.428570999999	6.0	-10.0	12.0	GDGN0422	3779318276882956288	19	A00001570	1.0	0.01	0.0	12.0	18.4	0.4965	1.1028	8571.428570999999	11.85	50.0
8571.42	3779318283212161025	3779318276929093632	26	A00001594	1182.2	100.0	1.11	620		32.0	-8571.428570999999	6.0	-10.0	12.0	GDGN0423	3779318276920705024	25	A00001591	1.0	0.01	0.0	12.0	18.4	0.4965	1.1028	8571.428570999999	11.85	50.0
8571.42	3779318283216355328	3779318276937482240	27	A00001597	1182.2	100.0	1.11	621		31.0	-8571.428570999999	6.0	-10.0	12.0	GDGN0424	3779318276929093632	26	A00001594	1.0	0.01	0.0	12.0	18.4	0.4965	1.1028	8571.428570999999	11.85	50.0
8571.42	3779318283220549632	3779318276916510720	24	A00001587	1182.2	100.0	1.11	622		94.0	-8571.428570999999	6.0	-10.0	12.0	GDGN0425	3779318276937482240	27	A00001597	1.0	0.01	0.0	12.0	18.4	0.4965	1.1028	8571.428570999999	11.85	50.0
8571.42	3779318283220549633	3779318276895539200	21	A00001578	1163.0	100.0	1.11	623		191.88	-8571.428570999999	6.0	5.0	10.0	GDGN0374	3779318276887150592	20	A00001574	1.0	0.01	0.0	14.3	28.0	0.4965	1.2991	8571.428570999999	11.85	50.0
8571.42	3779318283224743936	3779318276903927808	22	A00001582	1163.0	100.0	1.11	624		61.0	-8571.428570999999	6.0	5.0	10.0	GDGN0375	3779318276895539200	21	A00001578	1.0	0.01	0.0	14.3	28.0	0.4965	1.2991	8571.428570999999	11.85	50.0
8571.42	3779318283228938240	3779318276908122112	23	A00001106	1163.0	100.0	1.11	625		62.35	-8571.428570999999	6.0	5.0	10.0	GDGN0376	3779318276903927808	22	A00001582	1.0	0.01	0.0	14.3	28.0	0.4965	1.2991	8571.428570999999	11.85	50.0
8571.42	3779318283228938241	3779318276882956288	19	A00001570	1182.2	100.0	1.11	626		76.0	-8571.428570999999	6.0	-10.0	12.0	GDGN0421	3779318276870373376	17	A00001565	1.0	0.01	0.0	12.0	18.4	0.4965	1.1028	8571.428570999999	11.85	50.0
8571.42	3779318283233132544	3779318276887150592	20	A00001574	1163.0	100.0	1.11	627		95.94	-8571.428570999999	6.0	5.0	10.0	GDGN0373	3779318276874567680	18	A00001104	1.0	0.01	0.0	14.3	28.0	0.4965	1.2991	8571.428570999999	11.85	50.0
8571.42	3779318283237326848	3779318276870373376	17	A00001565	1182.2	100.0	1.11	628		118.0	-8571.428570999999	6.0	-10.0	12.0	GDGN0420	3779318276857790464	15	A00001558	1.0	0.01	0.0	12.0	18.4	0.4965	1.1028	8571.428570999999	11.85	50.0
8571.42	3779318283241521152	3779318276874567680	18	A00001104	1163.0	100.0	1.11	629		119.64	-8571.428570999999	6.0	5.0	10.0	GDGN0372	3779318276861984768	16	A00001101	1.0	0.01	0.0	13.2	28.0	0.4965	1.2991	8571.428570999999	11.85	50.0
8571.42	3779318283241521153	3779318276845207552	13	A00001553	1182.2	100.0	1.19	630		81.0	-8571.428570999999	6.0	-10.0	12.0	GDGN0418	3779318276761321472	7	A00001537	1.0	0.01	0.0	12.0	18.4	0.4965	1.1028	8571.428570999999	11.85	50.0
8571.42	3779318283245715456	3779318276857790464	15	A00001558	1182.2	100.0	1.19	631		62.0	-8571.428570999999	6.0	-10.0	12.0	GDGN0419	3779318276845207552	13	A00001553	1.0	0.01	0.0	12.0	18.4	0.4965	1.1028	8571.428570999999	11.85	50.0
8571.42	3779318283249909760	3779318276849401856	14	A00001098	1163.0	100.0	1.19	632		116.23	-8571.428570999999	6.0	5.0	10.0	GDGN0370	3779318276769710080	8	A00001096	1.0	0.01	0.0	11.2	28.0	0.4965	1.2991	8571.428570999999	11.85	50.0
8571.42	3779318283249909761	3779318276861984768	16	A00001101	1163.0	100.0	1.19	633		61.67	-8571.428570999999	6.0	5.0	10.0	GDGN0371	3779318276849401856	14	A00001098	1.0	0.01	0.0	11.2	28.0	0.4965	1.2991	8571.428570999999	11.85	50.0
8571.42	3779318283254104064	3779318276832624640	11	A00001094	1163.0	100.0	1.19	634		54.82	-8571.428570999999	6.0	5.0	10.0	GDGN0367	3779318276757127168	6	A00001092	1.0	0.01	0.0	11.2	28.0	0.4965	1.2991	8571.428570999999	11.85	50.0
8571.42	3779318283258298368	3779318276836818944	12	A00001550	1163.0	100.0	1.19	635		89.0	-8571.428570999999	6.0	5.0	10.0	GDGN0368	3779318276832624640	11	A00001094	1.0	0.01	0.0	11.2	28.0	0.4965	1.2991	8571.428570999999	11.85	50.0
8571.42	3779318283258298369	3779318276769710080	8	A00001096	1163.0	100.0	1.19	636		27.51	-8571.428570999999	6.0	5.0	10.0	GDGN0369	3779318276836818944	12	A00001550	1.0	0.01	0.0	11.2	28.0	0.4965	1.2991	8571.428570999999	11.85	50.0
8571.42	3779318283262492672	3779318276824236032	10	A00001546	1182.2	100.0	1.19	637		151.0	-8571.428570999999	6.0	-10.0	12.0	GDGN0416	3779318276748738560	5	A00001530	1.0	0.01	0.0	12.0	18.4	0.4965	1.1028	8571.428570999999	11.85	50.0
3428.57	3779318283266686976	3779318276815847424	9	A00001134	1182.2	100.0	1.19	638		1.0	-3428.571429	6.0	-10.0	12.0	GDGN0435	3779318276824236032	10	A00001546	1.0	0.01	0.0	12.0	18.4	0.4965	1.1028	3428.571429	11.85	50.0
8571.42	3779318283266686977	3779318276761321472	7	A00001537	1182.2	100.0	1.19	639		29.0	-8571.428570999999	6.0	-10.0	12.0	GDGN0417	3779318276824236032	10	A00001546	1.0	0.01	0.0	12.0	18.4	0.4965	1.1028	8571.428570999999	11.85	50.0
8571.42	3779318283270881280	3779318276748738560	5	A00001530	1182.2	100.0	1.19	640		174.0	-8571.428570999999	6.0	-10.0	12.0	GDGN0415	3779318276736155648	3	A00001523	1.0	0.01	0.0	12.0	18.4	0.4965	1.1028	8571.428570999999	11.85	50.0
8571.42	3779318283275075584	3779318276757127168	6	A00001092	1163.0	100.0	1.19	641		178.17	-8571.428570999999	6.0	5.0	10.0	GDGN0366	3779318276740349952	4	A00001090	1.0	0.01	0.0	11.2	28.0	0.4965	1.2991	8571.428570999999	11.85	50.0
8571.42	3779318283279269888	3779318276736155648	3	A00001523	1182.2	100.0	1.19	642		173.0	-8571.428570999999	6.0	-10.0	12.0	GDGN0414	3779318276715184128	1	A00001111	1.0	0.01	0.0	12.0	18.4	0.4965	1.1028	8571.428570999999	11.85	50.0
8571.42	3779318283279269889	3779318276740349952	4	A00001090	1163.0	100.0	1.19	643		171.32	-8571.428570999999	6.0	5.0	10.0	GDGN0365	3779318276727767040	2	A00001088	1.0	0.01	0.0	11.2	28.0	0.4965	1.2991	8571.428570999999	11.85	50.0
4285.71	3779318283283464192	3779318281089843200	637	A00000306	981.0	100.0	1.75	644		54.5	-4285.714286	4.0	5.0	10.0	GDGN0102	3779318277633736704	129	A00000294	1.0	0.01	0.0	14.1	17.5	0.5105	2.5734	4285.714286	9.85	50.0
4285.71	3779318283287658496	3779318277520490496	112	A00000038	981.0	100.0	1.75	645		15.5	-4285.714286	4.0	5.0	10.0	GDGN0103	3779318281089843200	637	A00000306	1.0	0.01	0.0	14.1	17.5	0.5105	2.5734	4285.714286	9.85	50.0
8571.42	3779318283287658497	3779318276715184128	1	A00001111	1163.0	100.0	1.19	646		1.0	-8571.428570999999	6.0	5.0	12.0	GDGN0635	3779318276727767040	2	A00001088	1.0	0.01	0.0	11.2	28.0	0.4965	1.2991	8571.428570999999	11.85	50.0
100.0	3779318283379933184	3779318278292242432	227	A00000955	974.0	100.0	2.16	648	A00003111	1.0	-100.0	4.0	5.0	10.0	GDGN0649	3779318278694895616	287	A00000882	1.0	0.02	0.0	15.0	21.0	1.676	4.2147	100.0	9.85	50.0	0.0
10000.0	3779318283384127488	3779318278116081664	201	A00001244	1370.6	100.0	1.3	650	A00003113	135.9	-8500.0	6.0	-10.0	12.0	GDGN0680	3779318281098231808	638	A00000444	1.0	0.01	0.0	8.0	25.7	7.2315	4.2147	8500.0	11.85	50.0	0.0
10000.0	3779318283388321792	3779318281098231808	638	A00000444	1370.6	100.0	1.3	651		53.9	-8500.0	6.0	-10.0	12.0	GDGN0679	3779318281106620416	639	A00001303	1.0	0.01	0.0	8.0	25.7	7.2315	4.2147	8500.0	11.85	50.0
10000.0	3779318283392516096	3779318281106620416	639	A00001303	1370.6	100.0	1.75	652		142.3	-8500.0	6.0	-10.0	12.0	GDGN0678	3779318281110814720	640	A00003042	1.0	0.01	0.0	5.0	25.7	7.2315	4.2147	8500.0	11.85	50.0
10000.0	3779318283392516097	3779318281110814720	640	A00003042	1370.6	100.0	1.4	653		189.3	-8500.0	6.0	-10.0	12.0	GDGN0677	3779318281119203328	641	A00003046	1.0	0.01	0.0	5.0	25.7	7.2315	4.2147	8500.0	11.85	50.0
10000.0	3779318283396710400	3779318281119203328	641	A00003046	1370.6	100.0	1.35	654		193.6	-8500.0	6.0	-10.0	12.0	GDGN0676	3779318281123397632	642	A00001465	1.0	0.01	0.0	5.0	25.7	7.2315	4.2147	8500.0	11.85	50.0
0.0	3779318283400904704	3779318277293998080	79	A00001358	1173.2	100.0	1.4	655	A00003114	1.0	-8571.428570999999	4.0	5.0	10.0	GDGN0293	3779318277285609472	78	A00000816	1.0	0.01	0.0	10.0	22.9	0.6813	2.189	8571.428570999999	9.85	50.0	0.0
42.8571	dummy_1	dummy_1	dummy_1	dummy_1	982.0	100.0	1.75	dummy_1	#N/A	1.0		0.0	0.0		dummy_1	3779318280024489984	3779318280024489984	A00000141	1.0	0.01		12.0	9.0	1.4903	1.4903		100.0	50.0	0.0	100.0
85.7142	dummy_2	dummy_2	dummy_2	dummy_2	1164.0	100.0	1.75	dummy_2	#N/A	1.0		0.0	0.0		dummy_2	3779318279160463360	3779318279160463360	A00000407	1.0	0.01		15.600000000000023	9.0	0.6813	0.6813		100.0	50.0	0.0	100.0
48.571400000000004	dummy_3	dummy_3	dummy_3	dummy_3	981.0	100.0	1.75	dummy_3	#N/A	1.0		0.0	0.0		dummy_3	3779318279089160192	3779318279089160192	A00000420	1.0	0.01		15.0	9.0	1.1994	1.1994		100.0	50.0	0.0	100.0
28.571399999999997	dummy_4	3779318278543900672	3779318278543900672	A00000889	992.0	100.0	1.75	dummy_4	#N/A	1.0		0.0	0.0		dummy_4	dummy_4	dummy_4	dummy_4	1.0	0.01		11.0	9.0	1.6365	1.6365		100.0	50.0	0.0	100.0
28.571399999999997	dummy_5	dummy_5	dummy_5	dummy_5	681.6	100.0	1.75	dummy_5	#N/A	1.0		0.0	0.0		dummy_5	3779318278753615872	3779318278753615872	A00000892	1.0	0.01		15.0	9.0	1.7088	1.7088		100.0	50.0	0.0	100.0
